
   `--`   .-.  ------`   -:/:.   -::-   
   +MMm  :MMN` MMMNNN:`sNMmdmMy-mMmdMy  
   dMMMo`mMMM: MMd///.mMm-   `-+MMs-.   
  `MMoNMhMydMy MMNddd/MMy       :ymMNs` 
  /MM.+MMN`sMN MMy    yMMo-.-o+`s:.oMM: 
  smd  hm/ :mm-mms     :ymMMNm/:dNMMmo  
  `` ``...  .-` `-`  `..` .    .``...`  
  so osy-:so-`+/y:+  oMoNyM-  ymh/hMo.  
  s-s-sy..so::s//-y-osM+/:Mo++NsN++M    
  ` ` ``  ` `````.  .`.   ....` ```.    


   MRQS.PLAT FINANCIAL COMPUTE SISTEMS
   MFCS V1.1 © MRQS 2018

TXN
GOOG
GOOG_TXN_AAPL
AAPL
FDR_LOC
FDR_LOC
FDR_LOC
STOCK_TICKETS:
TXN	GOOG	GOOG_TXN_AAPL	AAPL	
NON_EXISTENT_PRDT_FILE
FPM_TMPD
0	0	0	0	
1	0	0	0	
2	0	0	0	
GOOGERROR
GOOG
1.39595e+09	568	568	552.92	558.46	13100	
1.39604e+09	561.2	566.43	558.67	559.99	41100	
1.3963e+09	566.89	567	556.93	556.97	10800	
1.39638e+09	558.71	568.45	558.71	567.16	7900	
1.39647e+09	565.106	604.83	562.19	567	146700	
1.39656e+09	569.85	587.28	564.13	569.74	5.0852e+06	
1.39664e+09	574.65	577.77	543	543.14	6.3519e+06	
1.3969e+09	540.74	548.48	527.15	538.15	4.3896e+06	
1.39699e+09	542.6	555	541.61	554.9	3.1426e+06	
1.39707e+09	559.62	565.37	552.95	564.14	3.3217e+06	
1.39716e+09	565	565	539.9	540.95	4.0258e+06	
1.39725e+09	532.55	540	526.53	530.6	3.9141e+06	
1.39751e+09	538.25	544.1	529.561	532.52	2.568e+06	
1.39759e+09	536.82	538.45	518.46	536.44	3.8445e+06	
1.39768e+09	543	557	540	556.54	4.8799e+06	
1.39776e+09	548.81	549.5	531.15	536.1	6.7909e+06	
1.39811e+09	536.1	536.7	525.6	528.62	2.5597e+06	
1.3982e+09	528.64	537.23	527.51	534.81	2.3589e+06	
1.39828e+09	533.79	533.87	526.25	526.94	2.0467e+06	
1.39837e+09	530.07	531.65	522.12	525.16	1.878e+06	
1.39846e+09	522.51	524.7	515.42	516.18	2.0946e+06	
1.39872e+09	517.18	518.6	502.8	517.15	3.3264e+06	
1.3988e+09	516.9	529.46	516.32	527.7	2.6917e+06	
1.39889e+09	527.6	528	522.52	526.66	1.7464e+06	
1.39897e+09	527.11	532.93	523.88	531.35	1.9003e+06	
1.39906e+09	533.76	534	525.61	527.93	1.6839e+06	
1.39932e+09	524.82	528.9	521.32	527.81	1.0213e+06	
1.39941e+09	525.23	526.81	515.06	515.14	1.6844e+06	
1.39949e+09	515.79	516.68	503.3	509.96	3.2155e+06	
1.39958e+09	508.46	517.23	506.45	511	2.0158e+06	
1.39967e+09	510.75	519.9	504.2	518.73	2.4328e+06	
1.39992e+09	523.51	530.19	519.01	529.92	1.9073e+06	
1.40001e+09	530.89	536.07	529.51	533.09	1.6489e+06	
1.4001e+09	533	533	525.29	526.65	1.1885e+06	
1.40018e+09	525.7	525.87	517.42	519.98	1.6997e+06	
1.40027e+09	521.39	521.8	515.44	520.63	1.4812e+06	
1.40053e+09	519.7	529.78	517.583	528.86	1.2743e+06	
1.40062e+09	529.74	536.23	526.3	529.77	1.7799e+06	
1.4007e+09	532.9	539.183	531.91	538.94	1.193e+06	
1.40079e+09	541.13	547.6	540.78	545.06	1.6114e+06	
1.40088e+09	547.26	553.64	543.7	552.7	1.9269e+06	
1.40122e+09	556	566	554.35	565.95	2.0984e+06	
1.40131e+09	564.57	567.84	561	561.68	1.6475e+06	
1.40139e+09	563.35	564	558.71	560.08	1.3504e+06	
1.40148e+09	560.8	561.35	555.91	559.89	1.7663e+06	
1.40174e+09	560.7	560.9	545.73	553.93	1.4311e+06	
1.40183e+09	550.99	552.34	542.55	544.94	1.8615e+06	
1.40191e+09	541.5	548.61	538.75	544.66	1.8115e+06	
1.402e+09	546.4	554.95	544.45	553.9	1.6845e+06	
1.40208e+09	558.06	558.06	548.93	556.33	1.732e+06	
1.40234e+09	557.15	562.9	556.04	562.12	1.4635e+06	
1.40243e+09	560.51	563.6	557.9	560.55	1.348e+06	
1.40252e+09	558	559.88	555.02	558.84	1.0971e+06	
1.4026e+09	557.3	557.99	548.46	551.35	1.4545e+06	
1.40269e+09	552.26	552.3	545.56	551.76	1.2172e+06	
1.40295e+09	549.26	549.62	541.52	544.28	1.6979e+06	
1.40304e+09	544.2	545.32	539.33	543.01	1.4406e+06	
1.40312e+09	544.86	553.56	544	553.37	1.737e+06	
1.40321e+09	554.24	555	548.51	554.9	2.4501e+06	
1.40329e+09	556.85	557.58	550.391	556.36	4.496e+06	
1.40355e+09	555.15	565	554.25	564.95	1.5326e+06	
1.40364e+09	565.19	572.646	561.01	564.62	2.2011e+06	
1.40373e+09	565.26	579.96	565.22	578.65	1.964e+06	
1.40381e+09	581	582.45	571.85	576	1.7372e+06	
1.4039e+09	577.18	579.87	573.8	577.24	2.2308e+06	
1.40416e+09	578.66	579.57	574.75	575.28	1.3102e+06	
1.40424e+09	578.32	584.4	576.65	582.67	1.444e+06	
1.40433e+09	583.35	585.44	580.39	582.335	1.0535e+06	
1.40442e+09	583.35	585.01	580.92	584.73	712200	
1.40476e+09	583.76	586.43	579.59	582.25	1.0617e+06	
1.40485e+09	577.66	579.528	566.135	571.09	1.9043e+06	
1.40494e+09	571.58	576.72	569.376	576.08	1.1137e+06	
1.40502e+09	565.91	576.59	565.01	571.1	1.353e+06	
1.40511e+09	571.91	580.85	571.42	579.18	1.6173e+06	
1.40537e+09	582.6	585.21	578.03	584.87	1.849e+06	
1.40545e+09	585.74	585.804	576.56	584.78	1.6186e+06	
1.40554e+09	588	588.4	582.2	582.66	1.3933e+06	
1.40563e+09	579.53	580.99	568.61	573.73	3.0083e+06	
1.40571e+09	593	596.8	582	595.08	4.0032e+06	
1.40597e+09	591.75	594.4	585.233	589.47	2.0565e+06	
1.40606e+09	590.72	599.65	590.6	594.74	1.6945e+06	
1.40615e+09	593.23	597.85	592.5	595.98	1.2298e+06	
1.40623e+09	596.45	599.5	591.77	593.35	1.0323e+06	
1.40632e+09	590.4	591.86	587.03	589.02	929900	
1.40658e+09	588.07	592.5	584.753	590.6	984100	
1.40666e+09	588.75	589.7	583.515	585.61	1.3462e+06	
1.40675e+09	586.55	589.5	584	587.42	1.0137e+06	
1.40684e+09	580.6	583.65	570	571.6	2.097e+06	
1.40692e+09	570.4	575.96	562.85	566.07	1.9499e+06	
1.40718e+09	569.04	575.35	564.1	573.15	1.4234e+06	
1.40727e+09	570.05	571.98	562.61	565.07	1.547e+06	
1.40736e+09	561.78	570.7	560	566.374	1.3307e+06	
1.40744e+09	568	569.89	561.1	563.36	1.1079e+06	
1.40753e+09	563.56	570.25	560.35	568.77	1.4907e+06	
1.40779e+09	569.99	570.49	566	567.88	1.2114e+06	
1.40787e+09	564.52	565.9	560.88	562.73	1.5378e+06	
1.40796e+09	567.31	575	565.75	574.78	1.4379e+06	
1.40805e+09	576.18	577.9	570.88	574.65	982800	
1.40813e+09	577.86	579.38	570.52	573.48	1.515e+06	
1.40839e+09	576.11	584.51	576	582.16	1.2806e+06	
1.40848e+09	585	587.34	584	586.86	976000	
1.40856e+09	585.88	586.7	582.57	584.49	1.0339e+06	
1.40865e+09	583.82	584.5	581.14	583.37	912300	
1.40874e+09	583.59	585.236	580.64	582.56	786900	
1.409e+09	584.72	585	579	580.2	1.3577e+06	
1.40908e+09	581.26	581.8	576.58	577.86	1.6352e+06	
1.40917e+09	577.27	578.49	570.103	571	1.6987e+06	
1.40926e+09	569.56	573.25	567.1	569.2	1.2894e+06	
1.40934e+09	571.33	572.04	567.069	571.6	1.0808e+06	
1.40969e+09	571.85	577.83	571.19	577.33	1.5741e+06	
1.40977e+09	580	582.99	575	577.94	1.2118e+06	
1.40986e+09	580	586	579.22	581.98	1.4542e+06	
1.40995e+09	583.98	586.55	581.95	586.08	1.6279e+06	
1.41021e+09	586.6	591.77	586.3	589.72	1.4271e+06	
1.41029e+09	588.9	589	580	581.01	1.2837e+06	
1.41038e+09	581.5	583.5	576.94	583.1	974700	
1.41047e+09	580.36	581.81	576.26	581.35	1.2177e+06	
1.41055e+09	581	581.64	574.46	575.62	1.5973e+06	
1.41081e+09	572.94	574.95	568.21	573.1	1.5932e+06	
1.4109e+09	572.76	581.5	572.66	579.95	1.4763e+06	
1.41098e+09	580.01	587.52	578.775	584.77	1.6882e+06	
1.41107e+09	587	589.54	585	589.27	1.4406e+06	
1.41116e+09	591.5	596.48	589.5	596.08	3.7264e+06	
1.41142e+09	593.82	593.949	583.46	587.37	1.6849e+06	
1.4115e+09	586.85	586.85	581	581.13	1.4674e+06	
1.41159e+09	581.46	589.63	580.52	587.99	1.72108e+06	
1.41168e+09	587.55	587.98	574.18	575.06	1.91564e+06	
1.41176e+09	576.06	579.25	574.66	577.1	1.43981e+06	
1.41202e+09	571.75	578.19	571.17	576.36	1.2812e+06	
1.41211e+09	576.93	579.85	572.85	577.36	1.61844e+06	
1.41219e+09	576.01	577.58	567.01	568.27	1.44503e+06	
1.41228e+09	567.31	571.91	563.32	570.08	1.17531e+06	
1.41237e+09	573.05	577.225	572.5	575.28	1.13864e+06	
1.41263e+09	578.8	581	574.44	577.35	1.21132e+06	
1.41271e+09	574.4	575.27	563.74	563.74	1.90643e+06	
1.4128e+09	565.57	573.88	557.49	572.5	1.98789e+06	
1.41288e+09	571.18	571.49	559.06	560.88	2.51969e+06	
1.41297e+09	557.72	565.13	544.05	544.49	3.07863e+06	
1.41323e+09	544.99	549.5	533.1	533.21	2.57868e+06	
1.41332e+09	538.9	547.19	533.169	537.94	2.21723e+06	
1.4134e+09	531.01	532.8	518.3	530.03	3.71254e+06	
1.41349e+09	519	529.43	515	524.51	3.69842e+06	
1.41358e+09	527.25	530.98	508.53	511.17	5.53067e+06	
1.41384e+09	509.45	521.76	508.1	520.84	2.6055e+06	
1.41392e+09	525.19	526.79	519.11	526.54	2.33253e+06	
1.41401e+09	529.89	539.8	528.8	532.71	2.91718e+06	
1.41409e+09	539.32	547.22	535.85	543.98	2.3453e+06	
1.41418e+09	544.36	544.88	535.79	539.78	1.97205e+06	
1.41444e+09	537.03	544.41	537.03	540.77	1.18497e+06	
1.41453e+09	543	548.98	541.62	548.9	1.27337e+06	
1.41462e+09	550	554.19	546.98	549.33	1.76711e+06	
1.4147e+09	548.95	552.8	543.51	550.31	1.45167e+06	
1.41479e+09	559.35	559.57	554.75	559.08	2.03289e+06	
1.41505e+09	555.5	557.9	553.23	555.22	1.37851e+06	
1.41513e+09	553	555.5	549.3	554.11	1.24076e+06	
1.41522e+09	556.8	556.8	544.05	545.92	2.02674e+06	
1.41531e+09	545.5	546.885	540.97	542.04	1.3296e+06	
1.41539e+09	546.21	546.21	538.67	541.01	1.62926e+06	
1.41565e+09	541.46	549.59	541.02	547.49	1.13155e+06	
1.41574e+09	548.49	551.94	546.3	550.29	964866	
1.41583e+09	550.39	550.46	545.17	547.31	1.12659e+06	
1.41591e+09	549.8	549.8	543.48	545.38	1.33572e+06	
1.416e+09	546.68	546.68	542.15	544.4	1.28599e+06	
1.41626e+09	543.58	543.79	534.061	536.51	1.72128e+06	
1.41634e+09	537.5	541.94	534.17	535.03	1.95766e+06	
1.41643e+09	535	538.24	530.08	536.99	1.38844e+06	
1.41652e+09	531.25	535.11	531.08	534.83	1.55913e+06	
1.4166e+09	541.61	542.14	536.56	537.5	2.21825e+06	
1.41686e+09	537.65	542.7	535.62	539.27	1.70168e+06	
1.41695e+09	539	543.98	538.602	541.08	1.78497e+06	
1.41704e+09	540.88	541.55	537.042	540.37	1.5195e+06	
1.41721e+09	540.62	542	536.6	541.83	1.14523e+06	
1.41747e+09	538.9	541.41	531.86	533.8	2.1096e+06	
1.41755e+09	533.51	535.5	529.8	533.75	1.52248e+06	
1.41764e+09	531.44	535.996	529.26	531.32	1.27929e+06	
1.41773e+09	531.16	537.34	528.59	537.31	1.39221e+06	
1.41781e+09	531	532.89	524.28	525.26	2.55865e+06	
1.41807e+09	527.13	531	523.79	526.98	2.32713e+06	
1.41816e+09	522.14	534.19	520.5	533.37	1.87127e+06	
1.41825e+09	533.08	536.33	525.56	526.06	1.71684e+06	
1.41833e+09	527.8	533.92	527.1	528.34	1.61096e+06	
1.41842e+09	523.51	528.5	518.66	518.66	1.98912e+06	
1.41868e+09	522.74	523.1	513.27	513.8	2.81279e+06	
1.41876e+09	511.56	513.05	489	495.39	3.95337e+06	
1.41885e+09	497	507	496.81	504.89	2.87528e+06	
1.41894e+09	512.95	513.87	504.7	511.1	2.91873e+06	
1.41902e+09	511.51	517.72	506.911	516.35	3.68015e+06	
1.41928e+09	516.08	526.46	516.08	524.87	2.7236e+06	
1.41937e+09	527	534.56	526.29	530.59	2.19157e+06	
1.41945e+09	530.51	531.759	527.02	528.77	704035	
1.41963e+09	528.77	534.25	527.31	534.03	1.03773e+06	
1.41989e+09	532.19	535.48	530.011	530.33	2.2761e+06	
1.41997e+09	528.09	531.15	527.13	530.42	873923	
1.42006e+09	531.25	532.6	525.8	526.4	1.37182e+06	
1.42023e+09	529.01	531.27	524.1	524.81	1.44666e+06	
1.42049e+09	523.26	524.33	513.06	513.87	2.05424e+06	
1.42058e+09	515	516.175	501.05	501.96	2.89195e+06	
1.42066e+09	507	507.244	499.65	501.1	2.05937e+06	
1.42075e+09	497.99	503.48	491	502.68	3.3444e+06	
1.42084e+09	504.76	504.92	494.79	496.17	2.05496e+06	
1.4211e+09	494.94	495.976	487.56	492.55	2.32045e+06	
1.42118e+09	498.84	502.98	492.39	496.18	2.36569e+06	
1.42127e+09	494.65	503.23	493	500.87	2.22964e+06	
1.42136e+09	505.57	505.68	497.76	501.79	2.71136e+06	
1.42144e+09	500.01	508.19	500	508.08	2.29204e+06	
1.42179e+09	511	512.5	506.016	506.9	2.22592e+06	
1.42187e+09	507.25	519.28	506.2	518.04	2.26246e+06	
1.42196e+09	521.48	536.33	519.7	534.39	2.66956e+06	
1.42205e+09	535.59	542.17	533	539.95	2.27548e+06	
1.42231e+09	538.53	539	529.67	535.21	1.53952e+06	
1.42239e+09	529.97	530.7	518.19	518.63	1.89884e+06	
1.42248e+09	522.78	522.99	510	510	1.67923e+06	
1.42257e+09	511	511.09	501.2	510.66	4.17492e+06	
1.42265e+09	515.86	539.87	515.52	534.52	5.59098e+06	
1.42291e+09	531.73	533	518.55	528.48	2.84198e+06	
1.423e+09	528	533.4	523.26	529.24	2.03308e+06	
1.42308e+09	529.24	532.672	521.27	522.76	1.65912e+06	
1.42317e+09	523.79	528.5	522.09	527.58	1.84469e+06	
1.42326e+09	527.64	537.2	526.41	531	1.75865e+06	
1.42352e+09	528	532	526.02	527.83	1.26428e+06	
1.4236e+09	529.3	537.7	526.92	536.94	1.74508e+06	
1.42369e+09	535.3	538.45	533.378	535.97	1.37397e+06	
1.42377e+09	537.25	544.82	534.673	542.93	1.61582e+06	
1.42386e+09	543.35	549.91	543.13	549.01	1.89513e+06	
1.42421e+09	546.83	550	541.09	542.84	1.61244e+06	
1.42429e+09	541.4	545.49	537.51	539.7	1.44909e+06	
1.42438e+09	538.04	543.11	538.01	542.87	987478	
1.42447e+09	543.13	543.75	535.8	538.95	1.44121e+06	
1.42473e+09	536.05	536.439	529.41	531.91	1.45391e+06	
1.42481e+09	530	536.79	528.25	536.09	1.00239e+06	
1.4249e+09	535.9	546.22	535.445	543.87	1.82104e+06	
1.42498e+09	543.21	556.14	541.5	555.48	2.30522e+06	
1.42507e+09	554.24	564.71	552.9	558.4	2.40355e+06	
1.42533e+09	560.53	572.15	558.75	571.34	2.1238e+06	
1.42542e+09	570.45	575.39	566.52	573.64	1.70008e+06	
1.4255e+09	571.87	577.11	568.01	573.37	1.87169e+06	
1.42559e+09	575.02	577.91	573.41	575.33	1.38582e+06	
1.42568e+09	574.88	576.68	566.76	567.685	1.65456e+06	
1.42593e+09	566.86	570.27	563.535	568.85	1.05934e+06	
1.42602e+09	564.25	564.85	554.73	555.01	1.78736e+06	
1.42611e+09	555.14	558.14	550.68	551.18	1.81576e+06	
1.42619e+09	553.51	556.37	550.46	555.51	1.38577e+06	
1.42628e+09	553.5	558.4	544.22	547.32	1.69887e+06	
1.42654e+09	550.95	556.85	546	554.51	1.63649e+06	
1.42663e+09	551.71	553.8	548	550.84	1.80057e+06	
1.42671e+09	552.5	559.78	547	559.5	2.12871e+06	
1.4268e+09	559.39	560.8	556.145	557.99	1.19405e+06	
1.42689e+09	561.65	561.72	559.05	560.36	2.60969e+06	
1.42714e+09	560.43	562.36	555.83	558.81	1.63931e+06	
1.42723e+09	562.56	574.59	561.21	570.19	2.57623e+06	
1.42732e+09	570.5	572.26	558.74	558.785	2.14638e+06	
1.4274e+09	557.59	558.9	550.65	555.17	1.56833e+06	
1.42749e+09	553	555.28	548.13	548.34	1.89232e+06	
1.42775e+09	551.62	553.47	548.17	552.03	1.28396e+06	
1.42783e+09	550	554.71	546.72	548	1.58368e+06	
1.42792e+09	548.6	551.14	539.5	542.56	1.95772e+06	
1.428e+09	540.85	540.85	533.847	535.53	1.71174e+06	
1.42835e+09	532.22	538.41	529.57	536.765	1.32077e+06	
1.42844e+09	538.08	542.69	536	537.02	1.2993e+06	
1.42852e+09	538.38	543.85	538.38	541.61	1.17533e+06	
1.42861e+09	541.03	541.95	535.49	540.78	1.55359e+06	
1.4287e+09	542.29	542.29	537.31	540.01	1.40557e+06	
1.42896e+09	538.41	544.06	537.31	539.17	1.64081e+06	
1.42904e+09	536.25	537.57	528.092	530.39	2.59704e+06	
1.42913e+09	528.7	534.73	523.22	532.53	2.31251e+06	
1.42921e+09	529.9	535.59	529.61	533.8	1.2963e+06	
1.4293e+09	528.66	529.84	521.01	524.05	2.14596e+06	
1.42956e+09	525.6	536.09	524.5	535.38	1.67549e+06	
1.42965e+09	537.51	539.39	533.675	533.97	1.83967e+06	
1.42973e+09	534.4	541.08	531.75	539.365	1.58925e+06	
1.42982e+09	541	550.96	540.23	547	4.17338e+06	
1.42991e+09	566.1	571.14	557.25	565.06	4.91903e+06	
1.43016e+09	563.39	565.95	553.2	555.37	2.39804e+06	
1.43025e+09	554.64	556.02	550.366	553.68	1.49098e+06	
1.43034e+09	550.47	553.68	546.905	549.08	1.69876e+06	
1.43042e+09	547.87	548.59	535.05	537.34	2.08221e+06	
1.43051e+09	538.43	539.54	532.1	537.9	1.76818e+06	
1.43077e+09	538.53	544.07	535.06	540.78	1.30796e+06	
1.43086e+09	538.21	539.74	530.391	530.8	1.38307e+06	
1.43094e+09	531.24	532.38	521.085	524.22	1.56699e+06	
1.43103e+09	523.99	533.46	521.75	530.7	1.54628e+06	
1.43112e+09	536.65	541.15	536	538.22	1.52762e+06	
1.43137e+09	538.37	541.98	535.4	535.7	905285	
1.43146e+09	531.6	533.209	525.26	529.04	1.63417e+06	
1.43155e+09	530.56	534.322	528.655	529.62	1.25306e+06	
1.43163e+09	533.77	539	532.41	538.4	1.40394e+06	
1.43172e+09	539.18	539.274	530.38	533.85	1.97134e+06	
1.43198e+09	532.01	534.82	528.85	532.3	2.00342e+06	
1.43207e+09	533.98	540.66	533.04	537.36	1.96695e+06	
1.43215e+09	538.49	542.92	532.972	539.27	1.43083e+06	
1.43224e+09	537.95	543.84	535.98	542.51	1.4627e+06	
1.43232e+09	540.15	544.19	539.51	540.11	1.17621e+06	
1.43267e+09	538.12	539	529.88	532.32	2.40651e+06	
1.43276e+09	532.8	540.55	531.71	539.79	1.52502e+06	
1.43284e+09	538.01	540.61	536.25	539.78	1.02985e+06	
1.43293e+09	537.37	538.63	531.45	532.11	2.59741e+06	
1.43319e+09	536.79	536.79	529.76	533.99	1.90433e+06	
1.43328e+09	532.93	543	531.33	539.18	1.93899e+06	
1.43336e+09	539.91	543.5	537.11	540.31	1.71704e+06	
1.43345e+09	537.76	540.59	534.32	536.7	1.34834e+06	
1.43353e+09	536.35	537.2	532.52	533.33	1.38822e+06	
1.43379e+09	533.31	534.12	526.24	526.83	1.52414e+06	
1.43388e+09	527.56	529.2	523.01	526.69	1.45527e+06	
1.43397e+09	529.36	538.36	529.35	536.69	1.81496e+06	
1.43405e+09	538.425	538.98	533.02	534.61	1.21754e+06	
1.43414e+09	531.6	533.12	530.16	532.33	955789	
1.4344e+09	528	528.3	524	527.2	1.6327e+06	
1.43448e+09	528.4	529.64	525.56	528.15	1.07181e+06	
1.43457e+09	529.37	530.98	525.1	529.26	1.29422e+06	
1.43466e+09	531	538.15	530.79	536.73	1.83311e+06	
1.43474e+09	537.21	538.25	533.01	536.69	1.8935e+06	
1.435e+09	539.59	543.74	537.53	538.19	1.25028e+06	
1.43509e+09	539.64	541.499	535.25	540.48	1.19745e+06	
1.43518e+09	540	540	535.66	537.84	1.28661e+06	
1.43526e+09	538.87	540.9	535.23	535.23	1.3357e+06	
1.43535e+09	537.26	537.76	531.35	531.69	2.10913e+06	
1.43561e+09	525.01	528.61	520.54	521.52	1.93782e+06	
1.43569e+09	526.02	526.25	520.5	520.51	2.2356e+06	
1.43578e+09	524.73	525.69	518.231	521.84	1.96135e+06	
1.43587e+09	521.08	524.65	521.08	523.4	1.2359e+06	
1.43621e+09	519.5	525.25	519	522.86	1.28052e+06	
1.4363e+09	523.13	526.18	515.18	525.02	1.59723e+06	
1.43639e+09	521.05	522.734	516.11	516.83	1.2967e+06	
1.43647e+09	523.12	523.77	520.35	520.68	1.84235e+06	
1.43656e+09	526.29	532.56	525.55	530.13	1.95668e+06	
1.43682e+09	532.88	547.11	532.4	546.55	2.20648e+06	
1.4369e+09	546.76	565.849	546.71	561.1	3.24407e+06	
1.43699e+09	560.13	566.503	556.79	560.22	1.78455e+06	
1.43708e+09	565.12	580.68	565	579.85	4.76832e+06	
1.43716e+09	649	674.468	645	672.93	1.11649e+07	
1.43742e+09	659.24	668.88	653.01	663.02	5.86087e+06	
1.43751e+09	655.21	673	654.3	662.3	3.3772e+06	
1.4376e+09	660.89	678.64	659	662.1	3.92931e+06	
1.43768e+09	661.27	663.63	641	644.28	3.02911e+06	
1.43777e+09	647	648.17	622.52	623.56	3.62575e+06	
1.43803e+09	621	634.3	620.5	627.26	2.67538e+06	
1.43811e+09	632.83	632.83	623.31	628	1.72733e+06	
1.4382e+09	628.8	633.36	622.65	631.93	1.57507e+06	
1.43829e+09	630	635.22	622.05	632.59	1.4742e+06	
1.43837e+09	631.38	632.91	625.5	625.61	1.70615e+06	
1.43863e+09	625.34	633.056	625.34	631.21	1.30451e+06	
1.43872e+09	628.42	634.81	627.16	629.25	1.49088e+06	
1.4388e+09	634.33	647.86	633.16	643.78	2.00866e+06	
1.43889e+09	645	645.379	632.25	642.68	1.5726e+06	
1.43898e+09	640.23	642.68	629.71	635.3	1.40386e+06	
1.43924e+09	639.48	643.44	631.249	633.73	1.8092e+06	
1.43932e+09	669.2	674.9	654.27	660.78	5.0292e+06	
1.43941e+09	663.08	665	652.29	659.56	2.9408e+06	
1.4395e+09	659.322	664.5	651.661	656.45	1.81075e+06	
1.43958e+09	655.01	659.855	652.66	657.12	1.07206e+06	
1.43984e+09	656.8	661.38	651.24	660.87	1.0517e+06	
1.43993e+09	661.9	664	653.46	656.13	1.45606e+06	
1.44001e+09	656.6	667	654.19	660.9	2.1341e+06	
1.4401e+09	655.46	662.99	642.9	646.83	2.8553e+06	
1.44019e+09	639.78	640.05	612.33	612.48	4.26518e+06	
1.44045e+09	573	614	565.05	589.61	5.7703e+06	
1.44053e+09	614.91	617.45	581.11	582.06	3.53797e+06	
1.44062e+09	610.35	631.71	599.05	628.62	4.23589e+06	
1.44071e+09	639.4	643.59	622	637.61	3.49134e+06	
1.44079e+09	632.82	636.88	624.56	630.38	1.97873e+06	
1.44105e+09	627.54	635.8	617.68	618.25	2.17674e+06	
1.44114e+09	602.36	612.86	594.1	597.79	3.7021e+06	
1.44122e+09	605.68	614.34	599.71	614.34	2.57562e+06	
1.44131e+09	617	619.71	602.821	606.25	1.75957e+06	
1.4414e+09	600	603.47	595.25	600.7	2.08945e+06	
1.44174e+09	612.49	616.31	604.12	614.66	2.27954e+06	
1.44183e+09	621.22	626.52	609.6	612.72	1.70209e+06	
1.44192e+09	613.1	624.16	611.43	621.35	1.90528e+06	
1.442e+09	619.75	625.78	617.42	625.77	1.37354e+06	
1.44226e+09	625.7	625.86	619.43	623.24	1.70227e+06	
1.44235e+09	626.7	638.7	623.78	635.14	2.0844e+06	
1.44243e+09	635.47	637.95	632.32	635.98	1.28645e+06	
1.44252e+09	637.79	650.9	635.02	642.9	2.27469e+06	
1.44261e+09	636.79	640	627.02	629.25	5.13339e+06	
1.44287e+09	634.4	636.49	625.94	635.44	1.78851e+06	
1.44295e+09	627	627.55	615.43	622.69	2.56287e+06	
1.44304e+09	622.05	628.93	620	622.36	1.47095e+06	
1.44312e+09	616.64	627.32	612.4	625.8	2.2401e+06	
1.44321e+09	629.77	629.77	611	611.97	2.17401e+06	
1.44347e+09	610.34	614.605	589.38	594.89	3.11065e+06	
1.44356e+09	597.28	605	590.22	594.97	2.31028e+06	
1.44364e+09	603.28	608.76	600.73	608.42	2.33209e+06	
1.44373e+09	608.37	612.09	599.85	611.29	1.8676e+06	
1.44382e+09	607.2	627.34	603.13	626.91	2.6848e+06	
1.44408e+09	632	643.01	627	641.47	1.80364e+06	
1.44416e+09	638.84	649.25	636.529	645.44	2.23685e+06	
1.44425e+09	649.24	650.609	632.15	642.36	2.09271e+06	
1.44433e+09	641.36	644.45	625.56	639.16	2.18208e+06	
1.44442e+09	640	645.99	635.318	643.61	1.64874e+06	
1.44468e+09	642.09	648.5	639.01	646.67	1.27613e+06	
1.44477e+09	643.15	657.812	643.15	652.3	1.80768e+06	
1.44485e+09	653.21	659.39	648.85	651.16	1.41547e+06	
1.44494e+09	654.66	663.13	654.46	661.74	1.88574e+06	
1.44503e+09	664.11	664.97	657.2	662.2	1.61113e+06	
1.44528e+09	661.18	666.82	659.58	666.1	1.47734e+06	
1.44537e+09	664.04	664.72	644.195	650.28	2.49822e+06	
1.44546e+09	654.15	655.87	641.73	642.61	1.79417e+06	
1.44554e+09	646.7	657.8	644.01	651.79	4.07095e+06	
1.44563e+09	727.5	730	701.5	702	6.65392e+06	
1.44589e+09	701.55	719.15	701.26	712.78	2.71662e+06	
1.44598e+09	707.38	713.62	704.55	708.49	2.2458e+06	
1.44607e+09	707.33	712.98	703.08	712.95	2.17892e+06	
1.44615e+09	710.5	718.26	710.01	716.92	1.45596e+06	
1.44624e+09	715.73	718	710.05	710.81	1.90877e+06	
1.4465e+09	711.06	721.62	705.85	721.11	1.88625e+06	
1.44658e+09	718.86	724.65	714.72	722.16	1.56538e+06	
1.44667e+09	722	733.1	721.9	728.11	1.7067e+06	
1.44676e+09	729.47	739.48	729.47	731.25	1.86155e+06	
1.44684e+09	731.5	735.41	727.01	733.76	1.5116e+06	
1.4471e+09	730.2	734.71	719.43	724.89	2.06981e+06	
1.44719e+09	724.4	730.59	718.5	728.32	1.60799e+06	
1.44728e+09	732.46	741	730.23	735.4	1.367e+06	
1.44736e+09	731	737.8	728.645	731.23	1.83715e+06	
1.44745e+09	729.17	731.15	716.73	717	2.0755e+06	
1.44771e+09	715.6	729.49	711.33	728.96	1.90589e+06	
1.44779e+09	729.29	731.845	723.027	725.3	1.50673e+06	
1.44788e+09	727.58	741.41	727	740	1.68426e+06	
1.44797e+09	738.74	742	737.43	738.41	1.32788e+06	
1.44805e+09	746.53	757.92	743	756.6	2.21328e+06	
1.44831e+09	757.45	762.707	751.82	755.98	1.41538e+06	
1.4484e+09	752	755.279	737.63	748.28	2.3342e+06	
1.44849e+09	748.14	752	746.06	748.15	1.12222e+06	
1.44866e+09	748.46	753.41	747.49	750.26	838528	
1.44892e+09	748.81	754.93	741.27	742.6	2.09762e+06	
1.449e+09	747.11	768.95	746.7	767.04	2.13462e+06	
1.44909e+09	768.9	775.955	758.96	762.38	2.23037e+06	
1.44918e+09	766.01	768.995	745.63	752.54	2.59064e+06	
1.44926e+09	753.1	768.49	750	766.81	2.75728e+06	
1.44952e+09	767.77	768.73	755.09	763.25	1.81231e+06	
1.44961e+09	757.89	764.8	754.2	762.37	1.82948e+06	
1.44969e+09	759.17	764.23	737.001	751.61	2.69999e+06	
1.44978e+09	752.85	755.85	743.83	749.46	1.98838e+06	
1.44987e+09	741.16	745.71	736.75	738.87	2.22441e+06	
1.45013e+09	741.79	748.73	724.17	747.77	2.42124e+06	
1.45021e+09	753	758.08	743.01	743.4	2.66623e+06	
1.4503e+09	750	760.59	739.435	758.09	1.99325e+06	
1.45039e+09	762.42	762.68	749	749.43	1.55342e+06	
1.45047e+09	746.51	754.13	738.15	739.31	3.14874e+06	
1.45073e+09	746.13	750	740	747.77	1.5257e+06	
1.45082e+09	751.65	754.85	745.53	750	1.36552e+06	
1.4509e+09	753.47	754.21	744	750.31	1.56673e+06	
1.45099e+09	749.55	751.35	746.62	748.4	527223	
1.45134e+09	752.92	762.99	749.52	762.51	1.51572e+06	
1.45142e+09	766.69	779.98	766.43	776.6	1.76501e+06	
1.45151e+09	776.6	777.6	766.9	771	1.29352e+06	
1.4516e+09	769.5	769.5	758.34	758.88	1.50092e+06	
1.45194e+09	743	744.06	731.258	741.84	3.27278e+06	
1.45203e+09	746.45	752	738.64	742.58	1.95069e+06	
1.45211e+09	730	747.18	728.92	743.62	1.94703e+06	
1.4522e+09	730.31	738.5	719.06	726.39	2.96374e+06	
1.45229e+09	731.45	733.23	713	714.47	2.45086e+06	
1.45255e+09	716.61	718.855	703.54	716.03	2.09062e+06	
1.45263e+09	721.68	728.75	717.317	726.07	2.02451e+06	
1.45272e+09	730.85	734.74	698.61	700.56	2.50173e+06	
1.45281e+09	705.38	721.925	689.1	714.72	2.22577e+06	
1.45289e+09	692.29	706.74	685.37	694.45	3.60811e+06	
1.45324e+09	703.3	709.98	693.41	701.79	2.26808e+06	
1.45332e+09	688.61	706.85	673.26	698.45	3.44496e+06	
1.45341e+09	702.18	719.19	694.46	706.59	2.41221e+06	
1.4535e+09	723.6	728.13	720.121	725.25	2.0118e+06	
1.45376e+09	723.58	729.68	710.01	711.67	1.71172e+06	
1.45384e+09	713.85	718.28	706.48	713.04	1.33169e+06	
1.45393e+09	713.67	718.235	694.39	699.99	2.19423e+06	
1.45401e+09	722.22	733.69	712.35	730.96	2.6764e+06	
1.4541e+09	731.53	744.99	726.8	742.95	3.47432e+06	
1.45436e+09	750.46	757.86	743.27	752	5.13916e+06	
1.45445e+09	784.5	789.87	764.65	764.65	6.34813e+06	
1.45453e+09	770.22	774.5	720.5	726.95	6.17102e+06	
1.45462e+09	722.81	727	701.86	708.01	5.16871e+06	
1.45471e+09	703.87	703.99	680.15	683.57	5.10572e+06	
1.45497e+09	667.85	684.03	663.06	682.74	4.24736e+06	
1.45505e+09	672.32	699.9	668.77	678.11	3.60891e+06	
1.45514e+09	686.86	701.31	682.13	684.12	2.63801e+06	
1.45522e+09	675	689.35	668.867	683.11	3.02404e+06	
1.45531e+09	690.26	693.75	678.6	682.4	2.14137e+06	
1.45566e+09	692.98	698	685.05	691	2.52002e+06	
1.45574e+09	699	709.75	691.38	708.4	2.49263e+06	
1.45583e+09	710	712.35	696.03	697.35	1.88325e+06	
1.45592e+09	695.03	703.081	694.05	700.91	1.58928e+06	
1.45617e+09	707.45	713.24	702.51	706.46	1.94982e+06	
1.45626e+09	701.45	708.4	693.58	695.85	2.00928e+06	
1.45635e+09	688.92	700	680.78	699.56	1.96357e+06	
1.45643e+09	700.01	705.98	690.585	705.75	1.64217e+06	
1.45652e+09	708.58	713.43	700.86	705.07	2.24352e+06	
1.45678e+09	700.32	710.89	697.68	697.77	2.48114e+06	
1.45687e+09	703.62	718.81	699.77	718.81	2.15142e+06	
1.45695e+09	719	720	712	718.85	1.629e+06	
1.45704e+09	718.68	719.45	706.02	712.42	1.95797e+06	
1.45713e+09	714.99	716.49	706.02	710.89	1.97208e+06	
1.45738e+09	706.9	708.091	686.9	695.16	2.98803e+06	
1.45747e+09	688.59	703.79	685.34	693.97	2.05847e+06	
1.45756e+09	698.47	705.68	694	705.24	1.42152e+06	
1.45764e+09	708.12	716.44	703.36	712.82	2.83352e+06	
1.45773e+09	720	726.92	717.125	726.82	1.97082e+06	
1.45799e+09	726.81	735.5	725.15	730.49	1.71825e+06	
1.45808e+09	726.92	732.29	724.77	728.33	1.72096e+06	
1.45816e+09	726.37	737.47	724.51	736.09	1.62437e+06	
1.45825e+09	736.45	743.07	736	737.78	1.86083e+06	
1.45833e+09	741.86	742	731.83	737.6	2.98071e+06	
1.45859e+09	736.5	742.5	733.516	742.09	1.8365e+06	
1.45868e+09	737.46	745	737.46	740.75	1.26975e+06	
1.45877e+09	742.36	745.72	736.15	738.06	1.4321e+06	
1.45885e+09	732.01	737.747	731	735.3	1.59489e+06	
1.4592e+09	736.79	738.99	732.5	733.53	1.30133e+06	
1.45928e+09	734.59	747.25	728.76	744.77	1.90376e+06	
1.45937e+09	750.1	757.88	748.74	750.53	1.78243e+06	
1.45945e+09	749.25	750.85	740.94	744.95	1.7188e+06	
1.45954e+09	738.6	750.34	737	749.91	1.57674e+06	
1.4598e+09	750.06	752.8	742.43	745.29	1.13439e+06	
1.45989e+09	738	742.8	735.37	737.8	1.13229e+06	
1.45997e+09	735.77	746.24	735.56	745.69	1.05371e+06	
1.46006e+09	745.37	747	736.28	740.28	1.45318e+06	
1.46015e+09	743.97	745.45	735.55	739.15	1.29079e+06	
1.4604e+09	743.02	745	736.05	736.1	1.22009e+06	
1.46049e+09	738	743.83	731.01	743.09	1.35299e+06	
1.46058e+09	749.16	754.38	744.261	751.72	1.70764e+06	
1.46066e+09	754.01	757.31	752.705	753.2	1.13527e+06	
1.46075e+09	753.98	761	752.694	759	1.80933e+06	
1.46101e+09	760.46	768.05	757.3	766.61	1.55885e+06	
1.4611e+09	769.51	769.9	749.33	753.93	2.03053e+06	
1.46118e+09	758	758.131	750.01	752.67	1.52922e+06	
1.46127e+09	755.38	760.45	749.55	759.14	3.06049e+06	
1.46136e+09	726.3	736.12	713.61	718.77	5.95194e+06	
1.46161e+09	716.1	723.93	715.59	723.15	1.95918e+06	
1.4617e+09	725.42	725.766	703.026	708.14	2.74459e+06	
1.46179e+09	707.29	708.98	692.365	705.84	3.09859e+06	
1.46187e+09	708.26	714.17	689.55	691.02	2.86726e+06	
1.46196e+09	690.7	697.62	689	693.01	2.48767e+06	
1.46222e+09	697.63	700.64	691	698.21	1.64526e+06	
1.46231e+09	696.87	697.84	692	692.36	1.54378e+06	
1.46239e+09	690.49	699.75	689.01	695.7	1.69352e+06	
1.46248e+09	697.7	702.32	695.72	701.43	1.68351e+06	
1.46256e+09	698.38	711.86	698.107	711.12	1.82929e+06	
1.46282e+09	712	718.71	710	712.9	1.51029e+06	
1.46291e+09	716.75	723.5	715.72	723.18	1.56959e+06	
1.463e+09	723.41	724.48	712.8	715.29	1.69206e+06	
1.46308e+09	717.06	719.25	709	713.31	1.36133e+06	
1.46317e+09	711.93	716.662	709.26	710.83	1.3145e+06	
1.46343e+09	709.13	718.48	705.65	716.49	1.31707e+06	
1.46352e+09	715.99	721.52	704.11	706.23	2.00122e+06	
1.4636e+09	703.67	711.6	700.63	706.63	1.76684e+06	
1.46369e+09	702.36	706	696.8	700.32	1.67023e+06	
1.46377e+09	701.62	714.58	700.52	709.74	1.82839e+06	
1.46403e+09	706.53	711.478	704.18	704.24	1.33069e+06	
1.46412e+09	706.86	720.97	706.86	720.09	1.92947e+06	
1.46421e+09	720.76	727.51	719.705	725.27	1.63256e+06	
1.46429e+09	722.87	728.33	720.28	724.12	1.57629e+06	
1.46438e+09	724.01	733.936	724	732.66	1.97496e+06	
1.46472e+09	731.74	739.73	731.26	735.72	2.12954e+06	
1.46481e+09	734.53	737.21	730.66	734.15	1.25359e+06	
1.4649e+09	732.5	733.02	724.17	730.4	1.34181e+06	
1.46498e+09	729.27	729.49	720.56	722.34	1.22625e+06	
1.46524e+09	724.91	724.91	714.61	716.55	1.56606e+06	
1.46533e+09	719.84	721.98	716.55	716.65	1.33675e+06	
1.46542e+09	723.96	728.57	720.58	728.28	1.5837e+06	
1.4655e+09	722.87	729.54	722.336	728.58	988914	
1.46559e+09	719.47	725.89	716.43	719.41	1.21644e+06	
1.46585e+09	716.51	725.44	716.51	718.36	1.25893e+06	
1.46593e+09	716.48	722.47	713.12	718.27	1.30606e+06	
1.46602e+09	719	722.98	717.31	718.92	1.21452e+06	
1.46611e+09	714.91	716.65	703.26	710.36	1.98247e+06	
1.46619e+09	708.65	708.82	688.452	691.72	3.40236e+06	
1.46645e+09	698.77	702.48	693.41	693.71	2.08254e+06	
1.46654e+09	698.4	702.77	692.01	695.94	1.46563e+06	
1.46663e+09	699.06	700.86	693.082	697.46	1.18432e+06	
1.46671e+09	697.45	701.95	687	701.87	2.17142e+06	
1.4668e+09	675.17	689.4	673.45	675.22	4.44902e+06	
1.46706e+09	671	672.3	663.284	668.26	2.64108e+06	
1.46714e+09	678.97	680.33	673	680.04	2.17376e+06	
1.46723e+09	683	687.429	681.41	684.11	1.93256e+06	
1.46732e+09	685.47	692.32	683.65	692.1	1.59771e+06	
1.4674e+09	692.2	700.65	692.13	699.21	1.34471e+06	
1.46775e+09	696.06	696.94	688.88	694.49	1.46262e+06	
1.46784e+09	689.98	701.68	689.09	697.77	1.41192e+06	
1.46792e+09	698.08	698.2	688.215	695.36	1.3042e+06	
1.46801e+09	699.5	705.71	696.435	705.63	1.57517e+06	
1.46827e+09	708.05	716.51	707.24	715.09	1.11176e+06	
1.46835e+09	719.12	722.94	715.91	720.64	1.33692e+06	
1.46844e+09	723.62	724	716.85	716.98	935876	
1.46853e+09	721.58	722.21	718.03	720.95	950193	
1.46861e+09	725.73	725.74	719.055	719.85	1.27934e+06	
1.46887e+09	722.71	736.13	721.19	733.78	1.29548e+06	
1.46896e+09	729.89	736.99	729	736.96	1.22749e+06	
1.46904e+09	737.33	742.13	737.1	741.19	1.28967e+06	
1.46913e+09	740.36	741.69	735.831	738.63	1.02631e+06	
1.46922e+09	741.86	743.24	736.56	742.74	1.25982e+06	
1.46948e+09	740.67	742.61	737.5	739.77	1.03243e+06	
1.46956e+09	739.04	741.69	734.27	738.42	1.18674e+06	
1.46965e+09	738.28	744.46	737	741.77	1.51252e+06	
1.46974e+09	747.04	748.65	739.3	745.91	3.53017e+06	
1.46982e+09	772.71	778.55	766.77	768.79	3.84148e+06	
1.47008e+09	761.09	780.43	761.09	772.88	2.70047e+06	
1.47017e+09	768.69	775.84	767.85	771.07	1.78452e+06	
1.47025e+09	767.18	773.21	766.82	773.18	1.28742e+06	
1.47034e+09	772.22	774.07	768.795	771.61	1.14025e+06	
1.47043e+09	773.78	783.04	772.34	782.22	1.8012e+06	
1.47069e+09	782	782.63	778.091	781.76	1.10786e+06	
1.47077e+09	781.1	788.94	780.57	784.26	1.31889e+06	
1.47086e+09	783.75	786.812	782.778	784.68	786363	
1.47095e+09	785	789.75	782.97	784.85	975113	
1.47103e+09	781.5	783.395	780.4	783.22	740498	
1.47129e+09	783.75	787.49	780.11	782.44	938186	
1.47138e+09	780.3	780.98	773.444	777.14	1.02805e+06	
1.47146e+09	777.32	780.81	773.53	779.91	924226	
1.47155e+09	780.01	782.86	777	777.5	719429	
1.47164e+09	775	777.1	773.13	775.42	861546	
1.4719e+09	773.27	774.54	770.05	772.15	951362	
1.47198e+09	775.48	776.44	771.785	772.08	928232	
1.47207e+09	770.58	774.5	767.07	769.64	1.072e+06	
1.47216e+09	767	771.89	763.185	769.41	926883	
1.47224e+09	769	776.08	765.85	769.54	1.16668e+06	
1.4725e+09	768.74	774.99	766.615	772.15	847565	
1.47259e+09	769.33	774.466	766.84	769.09	1.13003e+06	
1.47267e+09	767.01	769.09	765.38	767.05	1.24856e+06	
1.47276e+09	769.25	771.02	764.3	768.78	925131	
1.47285e+09	773.01	773.92	768.41	771.46	1.07266e+06	
1.47319e+09	773.45	782	771	780.08	1.44282e+06	
1.47328e+09	780	782.73	776.2	780.35	894021	
1.47336e+09	778.59	780.35	773.58	775.32	1.27026e+06	
1.47345e+09	770.1	773.245	759.66	759.66	1.8855e+06	
1.47371e+09	755.13	770.29	754	769.02	1.31099e+06	
1.4738e+09	764.48	766.22	755.8	759.69	1.39505e+06	
1.47388e+09	759.61	767.68	759.11	762.49	1.09449e+06	
1.47397e+09	762.89	773.8	759.96	771.76	1.34675e+06	
1.47406e+09	769.75	769.75	764.66	768.88	2.04934e+06	
1.47432e+09	772.42	774	764.441	765.7	1.17282e+06	
1.4744e+09	769	773.33	768.53	771.41	978631	
1.47449e+09	772.66	777.16	768.301	776.22	1.16781e+06	
1.47457e+09	780	789.85	778.44	787.21	1.48622e+06	
1.47466e+09	786.59	788.93	784.15	786.9	1.41194e+06	
1.47492e+09	782.74	782.74	773.07	774.21	1.53321e+06	
1.47501e+09	775.5	785.99	774.308	783.01	1.15325e+06	
1.47509e+09	777.85	781.81	774.97	781.56	1.10983e+06	
1.47518e+09	781.44	785.8	774.232	775.01	1.31475e+06	
1.47527e+09	776.33	780.94	774.09	777.29	1.58533e+06	
1.47552e+09	774.25	776.065	769.5	772.56	1.27882e+06	
1.47561e+09	776.03	778.71	772.89	776.43	1.20135e+06	
1.4757e+09	779.31	782.07	775.65	776.47	1.46115e+06	
1.47578e+09	779	780.48	775.54	776.86	1.07069e+06	
1.47587e+09	779.66	779.66	770.75	775.08	933158	
1.47613e+09	777.71	789.38	775.87	785.94	1.17492e+06	
1.47622e+09	786.66	792.28	780.58	783.07	1.37246e+06	
1.4763e+09	783.76	788.13	782.06	786.14	937435	
1.47639e+09	781.22	781.22	773	778.19	1.36528e+06	
1.47648e+09	781.65	783.95	776	778.53	852487	
1.47673e+09	779.8	785.85	777.5	779.96	1.09297e+06	
1.47682e+09	787.85	801.61	785.565	795.26	2.0569e+06	
1.47691e+09	798.86	804.63	797.635	801.56	1.7668e+06	
1.47699e+09	803.3	803.97	796.03	796.97	1.75753e+06	
1.47708e+09	795	799.5	794	799.37	1.26618e+06	
1.47734e+09	804.9	815.18	804.82	813.11	1.69751e+06	
1.47743e+09	816.68	816.68	805.14	807.67	1.5764e+06	
1.47751e+09	806.34	806.98	796.32	799.07	1.64773e+06	
1.4776e+09	801	803.49	791.5	795.35	2.74922e+06	
1.47769e+09	808.35	815.49	793.59	795.37	4.2699e+06	
1.47795e+09	795.47	796.86	784	784.54	2.42728e+06	
1.47803e+09	782.89	789.49	775.54	783.61	2.40636e+06	
1.47812e+09	778.2	781.65	763.45	768.7	1.91841e+06	
1.47821e+09	767.25	769.95	759.03	762.13	1.94318e+06	
1.47829e+09	750.66	770.36	750.561	762.02	2.13481e+06	
1.47855e+09	774.5	785.19	772.55	782.52	1.58507e+06	
1.47864e+09	783.4	795.633	780.19	790.51	1.36687e+06	
1.47873e+09	779.94	791.226	771.67	785.31	2.60712e+06	
1.47881e+09	791.17	791.17	752.18	762.56	4.74518e+06	
1.4789e+09	756.54	760.78	750.38	754.02	2.43182e+06	
1.47916e+09	755.6	757.85	727.54	736.08	3.65438e+06	
1.47924e+09	746.97	764.416	746.97	758.49	2.384e+06	
1.47933e+09	755.2	766.36	750.51	764.48	1.47259e+06	
1.47942e+09	766.92	772.7	764.23	771.23	1.30405e+06	
1.4795e+09	771.37	775	760	760.54	1.54714e+06	
1.47976e+09	762.61	769.7	760.6	769.2	1.33064e+06	
1.47985e+09	772.63	776.96	767	768.27	1.59311e+06	
1.47993e+09	767.73	768.283	755.25	760.99	1.47842e+06	
1.48011e+09	764.26	765	760.52	761.68	587421	
1.48037e+09	760	779.53	759.8	768.24	2.18815e+06	
1.48045e+09	771.53	778.5	768.24	770.84	1.61662e+06	
1.48054e+09	770.07	772.99	754.83	758.04	2.39289e+06	
1.48063e+09	757.44	759.85	737.024	747.92	3.01795e+06	
1.48071e+09	744.59	754	743.1	750.5	1.45248e+06	
1.48097e+09	757.71	763.9	752.9	762.52	1.39422e+06	
1.48106e+09	764.73	768.83	757.34	759.11	1.69069e+06	
1.48114e+09	761	771.36	755.8	771.19	1.76097e+06	
1.48123e+09	772.48	778.18	767.23	776.42	1.48806e+06	
1.48132e+09	780	789.43	779.021	789.29	1.82191e+06	
1.48158e+09	785.04	791.25	784.355	789.27	2.10412e+06	
1.48166e+09	793.9	804.38	793.34	796.1	2.14521e+06	
1.48175e+09	797.4	804	794.01	797.07	1.70415e+06	
1.48184e+09	797.34	803	792.92	797.85	1.6265e+06	
1.48192e+09	800.4	800.856	790.29	790.8	2.4438e+06	
1.48218e+09	790.22	797.66	786.27	794.2	1.23209e+06	
1.48227e+09	796.76	798.65	793.27	796.42	951014	
1.48235e+09	795.84	796.676	787.1	794.56	1.21135e+06	
1.48244e+09	792.36	793.32	788.58	791.26	972169	
1.48253e+09	790.9	792.74	787.28	789.91	623944	
1.48287e+09	790.68	797.86	787.657	791.55	789321	
1.48296e+09	793.7	794.23	783.2	785.05	1.15382e+06	
1.48305e+09	783.33	785.93	778.92	782.79	744272	
1.48313e+09	782.75	782.78	770.41	771.82	1.76995e+06	
1.48348e+09	778.81	789.63	775.8	786.14	1.65727e+06	
1.48356e+09	788.36	791.34	783.16	786.9	1.07296e+06	
1.48365e+09	786.08	794.48	785.02	794.02	1.33517e+06	
1.48374e+09	795.26	807.9	792.204	806.15	1.64017e+06	
1.484e+09	806.4	809.966	802.83	806.65	1.27464e+06	
1.48408e+09	807.86	809.13	803.51	804.79	1.17678e+06	
1.48417e+09	805	808.15	801.37	807.91	1.06594e+06	
1.48425e+09	807.14	807.39	799.17	806.36	1.35306e+06	
1.48434e+09	807.48	811.224	806.69	807.88	1.09922e+06	
1.48469e+09	807.08	807.14	800.37	804.61	1.36212e+06	
1.48477e+09	805.81	806.205	800.99	806.07	1.29441e+06	
1.48486e+09	805.12	809.48	801.8	802.175	919325	
1.48495e+09	806.91	806.91	801.69	805.02	1.67004e+06	
1.48521e+09	807.25	820.87	803.74	819.31	1.96363e+06	
1.48529e+09	822.3	825.9	817.821	823.87	1.47401e+06	
1.48538e+09	829.62	835.77	825.06	835.67	1.6273e+06	
1.48546e+09	837.81	838	827.01	832.15	2.97389e+06	
1.48555e+09	834.71	841.95	820.44	823.31	2.96577e+06	
1.48581e+09	814.66	815.84	799.8	802.32	3.24657e+06	
1.4859e+09	796.86	801.25	790.52	796.79	2.16056e+06	
1.48598e+09	799.68	801.19	791.19	795.695	2.02974e+06	
1.48607e+09	793.8	802.7	792	798.53	1.53214e+06	
1.48616e+09	802.99	806	800.37	801.49	1.46345e+06	
1.48641e+09	799.7	801.67	795.25	801.34	1.18448e+06	
1.4865e+09	803.99	810.5	801.78	806.97	1.24122e+06	
1.48659e+09	807	811.84	803.19	808.38	1.15599e+06	
1.48667e+09	809.51	810.66	804.54	809.56	990391	
1.48676e+09	811.7	815.25	809.78	813.67	1.13498e+06	
1.48702e+09	816	820.959	815.49	819.24	1.21332e+06	
1.48711e+09	819	823	816	820.45	1.05473e+06	
1.48719e+09	819.36	823	818.47	818.98	1.31362e+06	
1.48728e+09	819.93	824.4	818.98	824.16	1.28763e+06	
1.48737e+09	823.02	828.07	821.655	828.07	1.61104e+06	
1.48771e+09	828.66	833.45	828.35	831.66	1.26234e+06	
1.4878e+09	828.66	833.25	828.64	830.76	987248	
1.48788e+09	830.12	832.46	822.88	831.33	1.47277e+06	
1.48797e+09	827.73	829	824.2	828.64	1.3922e+06	
1.48823e+09	824.55	830.5	824	829.28	1.10147e+06	
1.48832e+09	825.61	828.54	820.2	823.21	2.26077e+06	
1.4884e+09	828.85	836.255	827.26	835.24	1.49654e+06	
1.48849e+09	833.85	834.51	829.64	830.63	942476	
1.48857e+09	830.56	831.36	825.751	829.08	896378	
1.48883e+09	826.95	828.88	822.4	827.78	1.10904e+06	
1.48892e+09	827.4	833.41	826.52	831.91	1.03763e+06	
1.48901e+09	833.51	838.15	831.79	835.37	989773	
1.48909e+09	836	842	834.21	838.68	1.26152e+06	
1.48918e+09	843.28	844.91	839.5	843.25	1.70402e+06	
1.48944e+09	844	848.685	843.25	845.54	1.22365e+06	
1.48953e+09	843.64	847.24	840.8	845.62	780198	
1.48961e+09	847.59	848.63	840.77	847.2	1.38147e+06	
1.4897e+09	849.03	850.85	846.13	848.78	977560	
1.48978e+09	851.61	853.4	847.11	852.12	1.71647e+06	
1.49004e+09	850.01	850.22	845.15	848.4	1.23152e+06	
1.49013e+09	851.4	853.5	829.02	830.46	2.46348e+06	
1.49022e+09	831.91	835.55	827.18	829.59	1.40146e+06	
1.4903e+09	821	822.57	812.257	817.58	3.48706e+06	
1.49039e+09	820.08	821.93	808.89	814.43	1.98101e+06	
1.49064e+09	806.95	821.63	803.37	819.51	1.89499e+06	
1.49073e+09	820.41	825.99	814.027	820.92	1.62054e+06	
1.49082e+09	825	832.765	822.38	831.41	1.78632e+06	
1.4909e+09	833.5	833.68	829	831.5	1.05534e+06	
1.49099e+09	828.97	831.64	827.39	829.56	1.40189e+06	
1.49125e+09	829.22	840.85	829.22	838.55	1.6715e+06	
1.49134e+09	831.36	835.18	829.036	834.57	1.04536e+06	
1.49142e+09	835.51	842.45	830.72	831.41	1.55533e+06	
1.49151e+09	832.4	836.39	826.46	827.88	1.25443e+06	
1.4916e+09	827.96	828.485	820.513	824.67	1.05669e+06	
1.49185e+09	825.39	829.35	823.77	824.73	978905	
1.49194e+09	824.71	827.427	817.02	823.35	1.07973e+06	
1.49203e+09	821.93	826.66	821.02	824.32	900480	
1.49211e+09	822.14	826.38	821.44	823.56	1.12236e+06	
1.49246e+09	825.01	837.75	824.47	837.17	895015	
1.49255e+09	834.22	838.93	832.71	836.82	836722	
1.49263e+09	839.79	842.22	836.29	838.21	954330	
1.49272e+09	841.44	845.2	839.32	841.65	959031	
1.4928e+09	842.88	843.88	840.6	843.19	1.32358e+06	
1.49306e+09	851.2	863.45	849.86	862.76	1.37158e+06	
1.49315e+09	865	875	862.81	872.3	1.65416e+06	
1.49324e+09	874.23	876.05	867.748	871.73	1.18846e+06	
1.49332e+09	873.6	875.4	870.38	874.25	1.7342e+06	
1.49341e+09	910.66	916.85	905.77	905.96	3.16058e+06	
1.49367e+09	901.94	915.68	901.45	912.57	2.10046e+06	
1.49376e+09	909.62	920.77	909.453	916.44	1.52077e+06	
1.49384e+09	914.86	928.1	912.543	927.04	1.47733e+06	
1.49393e+09	926.07	935.93	924.59	931.66	1.40584e+06	
1.49401e+09	933.54	934.9	925.2	927.13	1.90473e+06	
1.49427e+09	926.12	936.925	925.26	934.3	1.31905e+06	
1.49436e+09	936.95	937.5	929.53	932.17	1.57563e+06	
1.49445e+09	931.98	932	925.16	928.78	1.17006e+06	
1.49453e+09	925.32	932.53	923.03	930.6	830838	
1.49462e+09	931.53	933.44	927.85	932.22	1.03841e+06	
1.49488e+09	932.95	938.25	929.34	937.08	1.09428e+06	
1.49496e+09	940	943.11	937.58	943	956692	
1.49505e+09	935.67	939.333	918.14	919.62	2.32339e+06	
1.49514e+09	921	933.17	918.75	930.24	1.58646e+06	
1.49522e+09	931.47	937.755	931	934.01	1.38222e+06	
1.49548e+09	935	941.883	935	941.86	1.09218e+06	
1.49557e+09	947.92	951.467	942.575	948.82	1.25928e+06	
1.49566e+09	952.98	955.09	949.5	954.96	990248	
1.49574e+09	957.33	972.629	955.47	969.54	1.64587e+06	
1.49583e+09	969.7	974.98	965.03	971.47	1.24619e+06	
1.49617e+09	970.31	976.2	969.49	975.88	1.45569e+06	
1.49626e+09	975.02	979.27	960.18	964.86	2.42659e+06	
1.49635e+09	968.95	971.5	960.01	966.95	1.4032e+06	
1.49643e+09	969.46	975.88	966	975.6	1.71721e+06	
1.49669e+09	976.55	986.91	975.1	983.68	1.22197e+06	
1.49678e+09	983.16	988.25	975.14	976.57	1.7969e+06	
1.49687e+09	980	983.98	975.94	980.94	1.42983e+06	
1.49695e+09	982.35	984.57	977.2	983.41	1.45123e+06	
1.49704e+09	984.5	984.5	935.63	949.83	3.27025e+06	
1.4973e+09	939.56	949.355	915.233	942.9	3.73159e+06	
1.49738e+09	951.91	959.98	944.09	953.4	1.99535e+06	
1.49747e+09	959.92	961.15	942.25	950.76	1.47703e+06	
1.49756e+09	933.97	943.339	924.44	942.31	2.05595e+06	
1.49764e+09	940	942.04	931.595	939.78	2.92139e+06	
1.4979e+09	949.96	959.99	949.05	957.37	1.49419e+06	
1.49799e+09	957.52	961.62	950.01	950.63	1.11184e+06	
1.49808e+09	953.64	960.1	950.76	959.45	1.19234e+06	
1.49816e+09	958.7	960.72	954.55	957.09	940373	
1.49825e+09	956.83	966	954.2	965.59	1.39401e+06	
1.49851e+09	969.9	973.31	950.79	952.27	1.58103e+06	
1.49859e+09	942.46	948.29	926.85	927.33	2.55377e+06	
1.49868e+09	929	942.75	916	940.49	2.71222e+06	
1.49877e+09	929.92	931.26	910.62	917.79	3.24839e+06	
1.49885e+09	926.05	926.05	908.31	908.73	2.03593e+06	
1.49911e+09	912.18	913.94	894.79	898.7	1.71019e+06	
1.49928e+09	901.76	914.51	898.5	911.71	1.7435e+06	
1.49937e+09	904.12	914.944	899.7	906.69	1.40953e+06	
1.49946e+09	908.85	921.54	908.85	918.59	1.58803e+06	
1.49972e+09	921.77	930.38	919.59	928.8	1.18908e+06	
1.4998e+09	929.54	931.43	922	930.09	1.09328e+06	
1.49989e+09	938.68	946.3	934.47	943.83	1.50598e+06	
1.49998e+09	946.29	954.45	943.01	947.16	1.29178e+06	
1.50006e+09	952	956.91	948.005	955.99	1.01763e+06	
1.50032e+09	957	960.74	949.241	953.42	1.14103e+06	
1.50041e+09	953	968.04	950.6	965.4	1.13113e+06	
1.50049e+09	967.84	973.04	964.03	970.89	1.21281e+06	
1.50058e+09	975	975.9	961.51	968.15	1.5771e+06	
1.50067e+09	962.25	973.23	960.15	972.92	1.6651e+06	
1.50093e+09	972.22	986.2	970.77	980.34	2.63467e+06	
1.50101e+09	953.81	959.7	945.4	950.7	4.62609e+06	
1.5011e+09	954.68	955	942.279	947.8	2.05601e+06	
1.50119e+09	951.78	951.78	920	934.09	3.09526e+06	
1.50127e+09	929.4	943.83	927.5	941.53	1.77508e+06	
1.50153e+09	941.89	943.59	926.04	930.5	1.95272e+06	
1.50162e+09	932.38	937.447	929.26	930.83	1.21155e+06	
1.5017e+09	928.61	932.6	916.68	930.39	1.81634e+06	
1.50179e+09	930.34	932.24	922.24	923.65	1.17913e+06	
1.50188e+09	926.75	930.307	923.03	927.96	1.01916e+06	
1.50214e+09	929.06	931.7	926.5	929.36	1.0123e+06	
1.50222e+09	927.09	935.814	925.61	926.79	1.03939e+06	
1.50231e+09	920.61	925.98	917.25	922.9	1.16943e+06	
1.5024e+09	917.55	919.26	906.13	907.24	1.7223e+06	
1.50248e+09	907.97	917.78	905.58	914.39	1.19046e+06	
1.50274e+09	922.53	924.668	918.19	922.67	1.04783e+06	
1.50283e+09	924.23	926.55	919.82	922.22	873070	
1.50291e+09	925.29	932.7	923.445	926.96	988604	
1.503e+09	925.78	926.86	910.98	910.98	1.21896e+06	
1.50309e+09	910.31	915.275	907.154	910.67	1.33357e+06	
1.50335e+09	910	913	903.4	906.66	932903	
1.50343e+09	912.72	925.86	911.475	924.69	1.14557e+06	
1.50352e+09	921.93	929.93	919.36	927	1.07781e+06	
1.5036e+09	928.66	930.84	915.5	921.28	1.21888e+06	
1.50369e+09	923.49	925.555	915.5	915.89	1.04069e+06	
1.50395e+09	916	919.245	911.87	913.81	1.07247e+06	
1.50404e+09	905.1	923.33	905	921.29	1.18016e+06	
1.50412e+09	920.05	930.819	919.65	929.57	1.28209e+06	
1.50421e+09	931.76	941.98	931.76	939.33	1.5533e+06	
1.5043e+09	941.13	942.48	935.15	937.34	913404	
1.50464e+09	933.08	937	921.96	928.45	1.20216e+06	
1.50473e+09	930.15	930.915	919.27	927.81	1.46881e+06	
1.50481e+09	931.73	936.41	923.62	935.95	1.20026e+06	
1.5049e+09	936.49	936.99	924.88	926.5	993832	
1.50516e+09	934.25	938.38	926.92	929.08	1.24714e+06	
1.50525e+09	932.59	933.48	923.861	932.07	1.12045e+06	
1.50533e+09	930.66	937.25	929.86	935.09	1.06605e+06	
1.50542e+09	931.25	932.77	924	925.11	1.38901e+06	
1.50551e+09	924.66	926.49	916.36	920.29	2.47503e+06	
1.50576e+09	920.01	922.08	910.6	915	1.26346e+06	
1.50585e+09	917.42	922.42	912.55	921.81	902415	
1.50594e+09	922.98	933.88	922	931.58	1.51817e+06	
1.50602e+09	933	936.53	923.83	932.45	1.20766e+06	
1.50611e+09	927.75	934.73	926.48	928.53	1.03855e+06	
1.50637e+09	925.45	926.4	909.7	920.97	1.82288e+06	
1.50646e+09	923.72	930.82	921.14	924.86	1.65285e+06	
1.50654e+09	927.74	949.9	927.74	944.49	2.20296e+06	
1.50663e+09	941.36	950.69	940.55	949.5	959648	
1.50672e+09	952	959.786	951.51	959.11	1.53313e+06	
1.50697e+09	959.98	962.54	947.84	953.27	1.22203e+06	
1.50706e+09	954	958	949.14	957.79	881562	
1.50715e+09	957	960.39	950.69	951.68	881380	
1.50723e+09	955.49	970.91	955.18	969.96	1.2021e+06	
1.50732e+09	966.7	979.46	963.36	978.89	1.1427e+06	
1.50758e+09	980	985.425	976.11	977	886700	
1.50767e+09	980	981.57	966.08	972.6	956419	
1.50775e+09	973.72	990.71	972.25	989.25	1.66373e+06	
1.50784e+09	987.45	994.12	985	987.83	1.25908e+06	
1.50792e+09	992	997.21	989	989.68	1.14391e+06	
1.50818e+09	992.1	993.907	984	992	900751	
1.50827e+09	990.29	996.44	988.59	992.18	1.2664e+06	
1.50836e+09	991.77	996.72	986.975	992.81	1.02252e+06	
1.50844e+09	986	988.88	978.39	984.45	1.28276e+06	
1.50853e+09	989.44	991	984.58	988.2	1.12004e+06	
1.50879e+09	989.52	989.52	966.12	968.45	1.43189e+06	
1.50888e+09	970	972.23	961	970.54	1.15523e+06	
1.50896e+09	968.37	976.09	960.52	973.33	1.16261e+06	
1.50905e+09	980	987.6	972.2	972.56	1.66085e+06	
1.50914e+09	1009.19	1048.39	1008.2	1019.27	5.12579e+06	
1.5094e+09	1014	1024.97	1007.5	1017.11	2.07462e+06	
1.50948e+09	1015.22	1024	1010.42	1016.64	1.32496e+06	
1.50957e+09	1017.21	1029.67	1016.95	1025.5	1.3609e+06	
1.50966e+09	1021.76	1028.09	1013.01	1025.58	1.00819e+06	
1.50974e+09	1022.11	1032.65	1020.31	1032.48	1.05804e+06	
1.51e+09	1028.99	1034.87	1025	1025.9	1.11913e+06	
1.51009e+09	1027.27	1033.97	1025.13	1033.33	1.08989e+06	
1.51017e+09	1030.52	1043.52	1028.45	1039.85	1.08872e+06	
1.51026e+09	1033.99	1033.99	1019.67	1031.26	1.2369e+06	
1.51035e+09	1026.46	1030.76	1025.28	1028.07	719227	
1.51061e+09	1023.42	1031.58	1022.57	1025.75	878969	
1.51069e+09	1022.59	1026.81	1014.15	1026	947273	
1.51078e+09	1019.21	1024.09	1015.42	1020.91	859951	
1.51087e+09	1022.52	1035.92	1022.52	1032.5	1.12942e+06	
1.51095e+09	1034.01	1034.42	1017.75	1019.09	1.35014e+06	
1.51121e+09	1020.26	1022.61	1017.5	1018.38	894844	
1.5113e+09	1023.31	1035.11	1022.65	1034.49	1.08372e+06	
1.51138e+09	1035	1039.71	1031.43	1035.96	716661	
1.51156e+09	1035.87	1043.18	1035	1040.61	536958	
1.51182e+09	1040	1055.46	1038.44	1054.21	1.28435e+06	
1.5119e+09	1055.09	1062.38	1040	1047.41	1.341e+06	
1.51199e+09	1042.68	1044.08	1015.65	1021.66	2.43888e+06	
1.51208e+09	1022.37	1028.49	1015	1021.41	1.72291e+06	
1.51216e+09	1015.8	1022.49	1002.02	1010.17	1.90894e+06	
1.51242e+09	1012.66	1016.1	995.57	998.68	1.89141e+06	
1.51251e+09	995.94	1020.61	988.28	1005.15	2.02338e+06	
1.51259e+09	1001.5	1024.97	1001.14	1018.38	1.25484e+06	
1.51268e+09	1020.43	1034.24	1018.07	1030.93	1.38711e+06	
1.51277e+09	1037.49	1042.05	1032.52	1037.05	1.27789e+06	
1.51303e+09	1035.5	1043.8	1032.05	1041.1	1.11905e+06	
1.51311e+09	1039.63	1050.31	1033.69	1040.48	1.26988e+06	
1.5132e+09	1046.12	1046.66	1038.38	1040.61	1.20729e+06	
1.51329e+09	1045	1058.5	1043.11	1049.15	1.54562e+06	
1.51337e+09	1054.61	1067.62	1049.5	1064.19	3.14276e+06	
1.51363e+09	1066.08	1078.49	1062	1077.14	1.53152e+06	
1.51372e+09	1075.2	1076.84	1063.55	1070.68	1.25462e+06	
1.5138e+09	1071.78	1073.38	1061.52	1064.95	1.26612e+06	
1.51389e+09	1064.95	1069.33	1061.79	1063.63	974594	
1.51398e+09	1061.11	1064.2	1059.44	1060.12	734566	
1.51432e+09	1058.07	1060.12	1050.2	1056.74	756324	
1.51441e+09	1057.39	1058.37	1048.05	1049.37	1.21478e+06	
1.51449e+09	1051.6	1054.75	1044.77	1048.14	829623	
1.51458e+09	1046.72	1049.7	1044.9	1046.4	867943	
1.51493e+09	1048.34	1066.94	1045.23	1065	1.22311e+06	
1.51501e+09	1064.31	1086.29	1063.21	1082.48	1.41609e+06	
1.5151e+09	1088	1093.57	1084	1086.4	990510	
1.51519e+09	1094	1104.25	1092	1102.23	1.21097e+06	
1.51545e+09	1102.23	1111.27	1101.62	1106.94	1.0031e+06	
1.51553e+09	1109.4	1110.57	1101.23	1106.26	897400	
1.51562e+09	1097.1	1104.6	1096.11	1102.61	1.03892e+06	
1.5157e+09	1106.3	1106.53	1099.59	1105.52	962696	
1.51579e+09	1102.41	1124.29	1101.15	1122.26	1.70138e+06	
1.51614e+09	1132.51	1139.91	1117.83	1121.76	1.53923e+06	
1.51622e+09	1126.22	1132.6	1117.01	1131.98	1.14609e+06	
1.51631e+09	1131.41	1132.51	1117.5	1129.79	1.14892e+06	
1.5164e+09	1131.83	1137.86	1128.3	1137.51	1.36139e+06	
1.51665e+09	1137.49	1159.88	1135.11	1155.81	1.5825e+06	
1.51674e+09	1159.85	1171.63	1158.75	1169.97	1.19933e+06	
1.51683e+09	1177.33	1179.86	1161.05	1164.24	1.35124e+06	
1.51691e+09	1172.53	1175.94	1162.76	1170.37	1.32644e+06	
1.517e+09	1175.08	1175.84	1158.11	1175.84	1.82568e+06	
1.51726e+09	1176.48	1186.89	1171.98	1175.58	1.29922e+06	
1.51735e+09	1167.83	1176.52	1163.52	1163.69	1.40013e+06	
1.51743e+09	1170.57	1173	1159.13	1169.94	1.48679e+06	
1.51752e+09	1162.61	1174	1157.52	1167.7	1.9747e+06	
1.51761e+09	1122	1123.07	1107.28	1111.9	4.7585e+06	
1.51786e+09	1090.6	1110	1052.03	1055.8	3.33635e+06	
1.51795e+09	1027.18	1081.71	1023.14	1080.6	3.36073e+06	
1.51804e+09	1081.54	1081.78	1048.26	1048.58	2.33137e+06	
1.51812e+09	1055.41	1058.62	1000.66	1001.52	2.72094e+06	
1.51821e+09	1017.25	1043.97	992.56	1037.78	3.26788e+06	
1.51847e+09	1048	1061.5	1040.93	1051.94	2.03888e+06	
1.51856e+09	1045	1058.37	1044.09	1052.1	1.20934e+06	
1.51864e+09	1048.95	1071.72	1046.75	1069.7	1.51544e+06	
1.51873e+09	1079.07	1091.48	1064.34	1089.52	1.77769e+06	
1.51881e+09	1088.41	1104.67	1088.31	1094.8	1.66497e+06	
1.51916e+09	1090.57	1113.95	1088.52	1102.46	1.3816e+06	
1.51925e+09	1106.47	1133.97	1106.33	1111.34	1.49316e+06	
1.51933e+09	1116.19	1122.82	1102.59	1106.63	1.30628e+06	
1.51942e+09	1112.64	1127.28	1104.71	1126.79	1.15838e+06	
1.51968e+09	1127.8	1143.96	1126.69	1143.75	1.49238e+06	
1.51977e+09	1141.24	1144.04	1118	1118.29	1.74158e+06	
1.51985e+09	1123.03	1127.53	1103.24	1104.73	1.85805e+06	
1.51994e+09	1107.87	1110.12	1067	1069.52	2.51591e+06	
1.52002e+09	1053.08	1082	1048.12	1078.92	2.27155e+06	
1.52028e+09	1075.14	1097.1	1069	1090.93	1.20217e+06	
1.52037e+09	1099.22	1101.85	1089.78	1095.06	1.53278e+06	
1.52046e+09	1089.19	1112.22	1085.48	1109.64	1.29254e+06	
1.52054e+09	1115.32	1127.6	1112.8	1126	1.2403e+06	
1.52063e+09	1136	1160.8	1132.46	1160.04	2.07495e+06	
1.52089e+09	1163.85	1177.05	1157.42	1164.5	2.07631e+06	
1.52097e+09	1170	1176.76	1133.33	1138.17	1.8081e+06	
1.52106e+09	1145.21	1158.59	1141.44	1149.49	1.19262e+06	
1.52115e+09	1149.96	1161.08	1134.54	1149.58	1.39252e+06	
1.52123e+09	1154.14	1155.88	1131.96	1135.73	2.56028e+06	
1.52149e+09	1120.01	1121.99	1089.01	1099.82	2.33951e+06	
1.52158e+09	1099	1105.2	1083.46	1097.71	1.78387e+06	
1.52167e+09	1092.74	1106.3	1085.15	1090.88	1.64071e+06	
1.52175e+09	1081.88	1082.9	1045.91	1049.08	2.58037e+06	
1.52184e+09	1047.03	1063.36	1021.22	1021.57	2.1135e+06	
1.52209e+09	1046	1055.63	1008.4	1053.21	2.55838e+06	
1.52218e+09	1063	1064.84	996.92	1005.1	3.02947e+06	
1.52227e+09	998	1024.23	980.64	1004.56	3.36928e+06	
1.52235e+09	1011.63	1043	1002.9	1031.79	2.72683e+06	
1.5227e+09	1022.82	1034.8	990.37	1006.47	2.6804e+06	
1.52279e+09	1013.91	1020.99	994.07	1013.41	2.27508e+06	
1.52287e+09	993.41	1028.72	993	1025.14	2.48465e+06	
1.52296e+09	1041.33	1042.79	1020.13	1027.81	1.36305e+06	
1.52304e+09	1020	1031.42	1003.03	1007.04	1.74643e+06	
1.5233e+09	1016.8	1039.6	1014.08	1015.45	1.75156e+06	
1.52339e+09	1026.44	1036.28	1011.34	1031.64	2.02965e+06	
1.52348e+09	1027.99	1031.36	1015.87	1019.97	1.48388e+06	
1.52356e+09	1025.04	1040.69	1021.43	1032.51	1.35939e+06	
1.52365e+09	1040.88	1046.42	1022.98	1029.27	1.22302e+06	
1.52391e+09	1037	1043.24	1026.74	1037.98	1.21121e+06	
1.524e+09	1051.37	1077.88	1048.26	1074.16	2.32027e+06	
1.52408e+09	1077.43	1077.43	1066.22	1072.08	1.34414e+06	
1.52417e+09	1069.4	1094.16	1068.18	1087.7	1.74767e+06	
1.52425e+09	1082	1092.35	1069.57	1072.96	1.88969e+06	
1.52451e+09	1077.86	1082.72	1060.7	1067.45	2.34126e+06	
1.5246e+09	1052	1057	1010.59	1019.98	4.76026e+06	
1.52469e+09	1025.52	1032.49	1015.31	1021.18	2.3911e+06	
1.52477e+09	1029.51	1047.98	1018.19	1040.04	2.07953e+06	
1.52486e+09	1046	1049.5	1025.59	1030.05	1.6198e+06	
1.52512e+09	1030.01	1037	1016.85	1017.33	1.67125e+06	
1.5252e+09	1013.66	1038.47	1008.21	1037.31	1.42786e+06	
1.52529e+09	1028.1	1040.39	1022.87	1024.38	1.60308e+06	
1.52538e+09	1019	1029.67	1006.29	1023.72	1.81506e+06	
1.52546e+09	1016.9	1048.51	1016.9	1048.21	1.93866e+06	
1.52572e+09	1049.23	1061.68	1047.1	1054.79	1.46606e+06	
1.52581e+09	1058.54	1060.55	1047.14	1053.91	1.21772e+06	
1.5259e+09	1058.1	1085.44	1056.37	1082.76	2.03282e+06	
1.52598e+09	1086.03	1100.44	1085.64	1097.57	1.44302e+06	
1.52607e+09	1093.6	1101.33	1090.91	1098.26	1.25366e+06	
1.52633e+09	1100	1110.75	1099.11	1100.2	1.51808e+06	
1.52641e+09	1090	1090.05	1073.47	1079.23	1.49487e+06	
1.5265e+09	1077.31	1089.27	1076.26	1081.77	1.09732e+06	
1.52659e+09	1079.89	1086.87	1073.5	1078.59	1.04377e+06	
1.52667e+09	1061.86	1069.94	1060.68	1066.36	1.56524e+06	
1.52693e+09	1074.06	1088	1073.65	1079.58	1.02321e+06	
1.52702e+09	1083.56	1086.59	1066.69	1069.73	1.09e+06	
1.52711e+09	1065.13	1080.78	1061.71	1079.69	1.06068e+06	
1.52719e+09	1079	1080.47	1066.15	1079.24	766773	
1.52728e+09	1079.02	1082.56	1073.78	1075.66	899406	
1.52762e+09	1064.89	1073.37	1055.22	1060.32	1.86514e+06	
1.52771e+09	1063.03	1069.21	1056.83	1067.8	1.13846e+06	
1.5278e+09	1067.56	1097.19	1067.56	1084.99	3.0883e+06	
1.52788e+09	1099.35	1120	1098.5	1119.5	2.4216e+06	
1.52814e+09	1122.33	1141.89	1122.01	1139.29	1.88958e+06	
1.52823e+09	1140.99	1145.74	1133.19	1139.66	1.67797e+06	
1.52832e+09	1142.17	1143	1125.74	1136.88	1.69825e+06	
1.5284e+09	1131.32	1135.82	1116.52	1123.86	1.52002e+06	
1.52849e+09	1118.18	1126.67	1112.15	1120.87	1.29084e+06	
1.52875e+09	1118.6	1137.26	1118.6	1129.99	1.07929e+06	
1.52883e+09	1131.07	1139.79	1130.73	1139.32	912018	
1.52892e+09	1141.12	1146.5	1133.38	1134.79	1.50641e+06	
1.52901e+09	1143.85	1155.47	1140.64	1152.12	1.35087e+06	
1.52909e+09	1148.86	1153.42	1143.48	1152.26	2.12248e+06	
1.52935e+09	1143.65	1174.31	1143.59	1173.46	1.41369e+06	
1.52944e+09	1158.5	1171.27	1154.01	1168.06	1.62102e+06	
1.52952e+09	1175.31	1186.29	1169.16	1169.84	1.64854e+06	
1.52961e+09	1174.85	1177.3	1152.23	1157.66	1.23812e+06	
1.5297e+09	1159.14	1162.5	1147.26	1155.48	1.31097e+06	
1.52996e+09	1143.6	1143.91	1112.78	1124.81	2.15731e+06	
1.53004e+09	1128	1133.21	1116.66	1118.46	1.56322e+06	
1.53013e+09	1121.34	1131.84	1103.62	1103.98	1.29389e+06	
1.53022e+09	1102.09	1122.31	1096.01	1114.22	1.07244e+06	
1.5303e+09	1120	1128.23	1115	1115.65	1.31512e+06	
1.53056e+09	1099	1128	1093.8	1127.46	1.21731e+06	
1.53065e+09	1135.82	1135.82	1100.02	1102.89	679034	
1.53082e+09	1110.53	1127.5	1108.48	1124.27	1.06668e+06	
1.53091e+09	1123.58	1140.93	1120.74	1140.17	996079	
1.53117e+09	1148.48	1154.67	1143.42	1154.05	908969	
1.53125e+09	1156.98	1159.59	1149.59	1152.84	798412	
1.53134e+09	1144.59	1164.29	1141	1153.9	1.11999e+06	
1.53143e+09	1159.89	1184.41	1155.93	1183.48	1.25188e+06	
1.53151e+09	1185	1195.42	1180	1188.82	1.22207e+06	
1.53177e+09	1189.39	1191	1179.28	1183.86	1.05566e+06	
1.53186e+09	1172.22	1203.04	1170.6	1198.8	1.61035e+06	
1.53194e+09	1196.56	1204.5	1190.34	1195.88	1.39361e+06	
1.53203e+09	1191	1200	1183.32	1186.96	1.27667e+06	
1.53212e+09	1186.96	1196.86	1184.22	1184.91	1.2484e+06	
1.53238e+09	1181.01	1206.49	1181	1205.5	2.61923e+06	
1.53246e+09	1262.59	1266	1235.56	1248.08	3.3182e+06	
1.53255e+09	1239.13	1265.86	1239.13	1263.7	2.14e+06	
1.53264e+09	1251	1269.77	1249.02	1268.33	2.40564e+06	
1.53272e+09	1271	1273.89	1231	1238.5	2.13056e+06	
1.53298e+09	1228.01	1234.92	1211.47	1219.74	1.8499e+06	
1.53307e+09	1220.01	1227.59	1205.6	1217.26	1.64472e+06	
1.53315e+09	1228	1233.47	1210.21	1220.01	1.56726e+06	
1.53324e+09	1205.9	1229.88	1204.79	1226.15	1.5313e+06	
1.53333e+09	1229.62	1230	1215.06	1223.71	1.0899e+06	
1.53359e+09	1225	1226.09	1215.8	1224.77	1.08172e+06	
1.53367e+09	1237	1251.17	1236.17	1242.22	1.49398e+06	
1.53376e+09	1240.47	1256.5	1238.01	1245.61	1.37091e+06	
1.53384e+09	1249.9	1255.54	1246.01	1249.1	848601	
1.53393e+09	1243	1245.69	1232	1237.61	1.10892e+06	
1.53419e+09	1236.98	1249.27	1233.64	1235.01	997346	
1.53428e+09	1235.19	1245.87	1225.11	1242.1	1.34819e+06	
1.53436e+09	1229.26	1235.24	1209.51	1214.38	1.82881e+06	
1.53445e+09	1224.73	1226	1202.55	1206.49	1.34316e+06	
1.53454e+09	1202.03	1209.02	1188.24	1200.96	1.38964e+06	
1.5348e+09	1205.02	1211	1194.63	1207.77	870772	
1.53488e+09	1208	1217.26	1200.35	1201.62	1.20558e+06	
1.53497e+09	1200	1211.84	1199	1207.33	887389	
1.53505e+09	1207.14	1221.28	1204.24	1205.38	992604	
1.53514e+09	1208.82	1221.65	1206.36	1220.65	946840	
1.5354e+09	1227.6	1243.09	1225.72	1241.82	1.15626e+06	
1.53549e+09	1241.29	1242.55	1228.69	1231.15	1.30401e+06	
1.53557e+09	1237.45	1250.66	1236.36	1249.3	1.30931e+06	
1.53566e+09	1244.23	1253.63	1232.59	1239.12	1.33144e+06	
1.53575e+09	1234.98	1238.66	1211.29	1218.19	1.81643e+06	
1.53609e+09	1204.27	1212.99	1192.5	1197	1.83104e+06	
1.53618e+09	1193.8	1199.01	1162	1186.48	2.06131e+06	
1.53626e+09	1186.3	1186.3	1152	1171.44	1.88847e+06	
1.53635e+09	1158.67	1175.26	1157.21	1164.83	1.4014e+06	
1.53661e+09	1172.19	1174.54	1160.11	1164.64	1.1158e+06	
1.5367e+09	1161.63	1178.68	1156.24	1177.36	1.20956e+06	
1.53678e+09	1172.72	1178.61	1158.36	1162.82	1.2913e+06	
GOOG_TXN_AAPLERROR
GOOG_TXN_AAPL
1.39595e+09	0	0	0	
1.39604e+09	0	0	0	
1.3963e+09	0	0	0	
1.39638e+09	0	0	0	
1.39647e+09	0	0	0	
1.39656e+09	0	0	0	
1.39664e+09	0	0	0	
1.3969e+09	0	0	0	
1.39699e+09	0	0	0	
1.39707e+09	0	0	0	
1.39716e+09	0	0	0	
1.39725e+09	0	0	0	
1.39751e+09	0	0	0	
1.39759e+09	0	0	0	
1.39768e+09	0	0	0	
1.39776e+09	0	0	0	
1.39811e+09	0	0	0	
1.3982e+09	0	0	0	
1.39828e+09	0	0	0	
1.39837e+09	0	0	0	
1.39846e+09	0	0	0	
1.39872e+09	0	0	0	
1.3988e+09	0	0	0	
1.39889e+09	0	0	0	
1.39897e+09	0	0	0	
1.39906e+09	0	0	0	
1.39932e+09	0	0	0	
1.39941e+09	0	0	0	
1.39949e+09	0	0	0	
1.39958e+09	0	0	0	
1.39967e+09	0	0	0	
1.39992e+09	0	0	0	
1.40001e+09	0	0	0	
1.4001e+09	0	0	0	
1.40018e+09	0	0	0	
1.40027e+09	0	0	0	
1.40053e+09	0	0	0	
1.40062e+09	0	0	0	
1.4007e+09	0	0	0	
1.40079e+09	0	0	0	
1.40088e+09	0	0	0	
1.40122e+09	0	0	0	
1.40131e+09	0	0	0	
1.40139e+09	0	0	0	
1.40148e+09	0	0	0	
1.40174e+09	0	0	0	
1.40183e+09	0	0	0	
1.40191e+09	0	0	0	
1.402e+09	0	0	0	
1.40208e+09	0	0	0	
1.40234e+09	0	0	0	
1.40243e+09	0	0	0	
1.40252e+09	0	0	0	
1.4026e+09	0	0	0	
1.40269e+09	0	0	0	
1.40295e+09	0	0	0	
1.40304e+09	0	0	0	
1.40312e+09	0	0	0	
1.40321e+09	0	0	0	
1.40329e+09	0	0	0	
1.40355e+09	0	0	0	
1.40364e+09	0	0	0	
1.40373e+09	0	0	0	
1.40381e+09	0	0	0	
1.4039e+09	0	0	0	
1.40416e+09	0	0	0	
1.40424e+09	0	0	0	
1.40433e+09	0	0	0	
1.40442e+09	0	0	0	
1.40476e+09	0	0	0	
1.40485e+09	0	0	0	
1.40494e+09	0	0	0	
1.40502e+09	0	0	0	
1.40511e+09	0	0	0	
1.40537e+09	0	0	0	
1.40545e+09	0	0	0	
1.40554e+09	0	0	0	
1.40563e+09	0	0	0	
1.40571e+09	0	0	0	
1.40597e+09	0	0	0	
1.40606e+09	0	0	0	
1.40615e+09	0	0	0	
1.40623e+09	0	0	0	
1.40632e+09	0	0	0	
1.40658e+09	0	0	0	
1.40666e+09	0	0	0	
1.40675e+09	0	0	0	
1.40684e+09	0	0	0	
1.40692e+09	0	0	0	
1.40718e+09	0	0	0	
1.40727e+09	0	0	0	
1.40736e+09	0	0	0	
1.40744e+09	0	0	0	
1.40753e+09	0	0	0	
1.40779e+09	0	0	0	
1.40787e+09	0	0	0	
1.40796e+09	0	0	0	
1.40805e+09	0	0	0	
1.40813e+09	0	0	0	
1.40839e+09	0	0	0	
1.40848e+09	0	0	0	
1.40856e+09	0	0	0	
1.40865e+09	0	0	0	
1.40874e+09	0	0	0	
1.409e+09	0	0	0	
1.40908e+09	0	0	0	
1.40917e+09	0	0	0	
1.40926e+09	0	0	0	
1.40934e+09	0	0	0	
1.40969e+09	0	0	0	
1.40977e+09	0	0	0	
1.40986e+09	0	0	0	
1.40995e+09	0	0	0	
1.41021e+09	0	0	0	
1.41029e+09	0	0	0	
1.41038e+09	0	0	0	
1.41047e+09	0	0	0	
1.41055e+09	0	0	0	
1.41081e+09	0	0	0	
1.4109e+09	0	0	0	
1.41098e+09	0	0	0	
1.41107e+09	0	0	0	
1.41116e+09	0	0	0	
1.41142e+09	0	0	0	
1.4115e+09	0	0	0	
1.41159e+09	0	0	0	
1.41168e+09	0	0	0	
1.41176e+09	0	0	0	
1.41202e+09	0	0	0	
1.41211e+09	0	0	0	
1.41219e+09	0	0	0	
1.41228e+09	0	0	0	
1.41237e+09	0	0	0	
1.41263e+09	0	0	0	
1.41271e+09	0	0	0	
1.4128e+09	0	0	0	
1.41288e+09	0	0	0	
1.41297e+09	0	0	0	
1.41323e+09	0	0	0	
1.41332e+09	0	0	0	
1.4134e+09	0	0	0	
1.41349e+09	0	0	0	
1.41358e+09	0	0	0	
1.41384e+09	0	0	0	
1.41392e+09	0	0	0	
1.41401e+09	0	0	0	
1.41409e+09	0	0	0	
1.41418e+09	0	0	0	
1.41444e+09	0	0	0	
1.41453e+09	0	0	0	
1.41462e+09	0	0	0	
1.4147e+09	0	0	0	
1.41479e+09	0	0	0	
1.41505e+09	0	0	0	
1.41513e+09	0	0	0	
1.41522e+09	0	0	0	
1.41531e+09	0	0	0	
1.41539e+09	0	0	0	
1.41565e+09	0	0	0	
1.41574e+09	0	0	0	
1.41583e+09	0	0	0	
1.41591e+09	0	0	0	
1.416e+09	0	0	0	
1.41626e+09	0	0	0	
1.41634e+09	0	0	0	
1.41643e+09	0	0	0	
1.41652e+09	0	0	0	
1.4166e+09	0	0	0	
1.41686e+09	0	0	0	
1.41695e+09	0	0	0	
1.41704e+09	0	0	0	
1.41721e+09	0	0	0	
1.41747e+09	0	0	0	
1.41755e+09	0	0	0	
1.41764e+09	0	0	0	
1.41773e+09	0	0	0	
1.41781e+09	0	0	0	
1.41807e+09	0	0	0	
1.41816e+09	0	0	0	
1.41825e+09	0	0	0	
1.41833e+09	0	0	0	
1.41842e+09	0	0	0	
1.41868e+09	0	0	0	
1.41876e+09	0	0	0	
1.41885e+09	0	0	0	
1.41894e+09	0	0	0	
1.41902e+09	0	0	0	
1.41928e+09	0	0	0	
1.41937e+09	0	0	0	
1.41945e+09	0	0	0	
1.41963e+09	0	0	0	
1.41989e+09	0	0	0	
1.41997e+09	0	0	0	
1.42006e+09	0	0	0	
1.42023e+09	0	0	0	
1.42049e+09	0	0	0	
1.42058e+09	0	0	0	
1.42066e+09	0	0	0	
1.42075e+09	0	0	0	
1.42084e+09	0	0	0	
1.4211e+09	0	0	0	
1.42118e+09	0	0	0	
1.42127e+09	0	0	0	
1.42136e+09	0	0	0	
1.42144e+09	0	0	0	
1.42179e+09	0	0	0	
1.42187e+09	0	0	0	
1.42196e+09	0	0	0	
1.42205e+09	0	0	0	
1.42231e+09	0	0	0	
1.42239e+09	0	0	0	
1.42248e+09	0	0	0	
1.42257e+09	0	0	0	
1.42265e+09	0	0	0	
1.42291e+09	0	0	0	
1.423e+09	0	0	0	
1.42308e+09	0	0	0	
1.42317e+09	0	0	0	
1.42326e+09	0	0	0	
1.42352e+09	0	0	0	
1.4236e+09	0	0	0	
1.42369e+09	0	0	0	
1.42377e+09	0	0	0	
1.42386e+09	0	0	0	
1.42421e+09	0	0	0	
1.42429e+09	0	0	0	
1.42438e+09	0	0	0	
1.42447e+09	0	0	0	
1.42473e+09	0	0	0	
1.42481e+09	0	0	0	
1.4249e+09	0	0	0	
1.42498e+09	0	0	0	
1.42507e+09	0	0	0	
1.42533e+09	0	0	0	
1.42542e+09	0	0	0	
1.4255e+09	0	0	0	
1.42559e+09	0	0	0	
1.42568e+09	0	0	0	
1.42593e+09	0	0	0	
1.42602e+09	0	0	0	
1.42611e+09	0	0	0	
1.42619e+09	0	0	0	
1.42628e+09	0	0	0	
1.42654e+09	0	0	0	
1.42663e+09	0	0	0	
1.42671e+09	0	0	0	
1.4268e+09	0	0	0	
1.42689e+09	0	0	0	
1.42714e+09	0	0	0	
1.42723e+09	0	0	0	
1.42732e+09	0	0	0	
1.4274e+09	0	0	0	
1.42749e+09	0	0	0	
1.42775e+09	0	0	0	
1.42783e+09	0	0	0	
1.42792e+09	0	0	0	
1.428e+09	0	0	0	
1.42835e+09	0	0	0	
1.42844e+09	0	0	0	
1.42852e+09	0	0	0	
1.42861e+09	0	0	0	
1.4287e+09	0	0	0	
1.42896e+09	0	0	0	
1.42904e+09	0	0	0	
1.42913e+09	0	0	0	
1.42921e+09	0	0	0	
1.4293e+09	0	0	0	
1.42956e+09	0	0	0	
1.42965e+09	0	0	0	
1.42973e+09	0	0	0	
1.42982e+09	0	0	0	
1.42991e+09	0	0	0	
1.43016e+09	0	0	0	
1.43025e+09	0	0	0	
1.43034e+09	0	0	0	
1.43042e+09	0	0	0	
1.43051e+09	0	0	0	
1.43077e+09	0	0	0	
1.43086e+09	0	0	0	
1.43094e+09	0	0	0	
1.43103e+09	0	0	0	
1.43112e+09	0	0	0	
1.43137e+09	0	0	0	
1.43146e+09	0	0	0	
1.43155e+09	0	0	0	
1.43163e+09	0	0	0	
1.43172e+09	0	0	0	
1.43198e+09	0	0	0	
1.43207e+09	0	0	0	
1.43215e+09	0	0	0	
1.43224e+09	0	0	0	
1.43232e+09	0	0	0	
1.43267e+09	0	0	0	
1.43276e+09	0	0	0	
1.43284e+09	0	0	0	
1.43293e+09	0	0	0	
1.43319e+09	0	0	0	
1.43328e+09	0	0	0	
1.43336e+09	0	0	0	
1.43345e+09	0	0	0	
1.43353e+09	0	0	0	
1.43379e+09	0	0	0	
1.43388e+09	0	0	0	
1.43397e+09	0	0	0	
1.43405e+09	0	0	0	
1.43414e+09	0	0	0	
1.4344e+09	0	0	0	
1.43448e+09	0	0	0	
1.43457e+09	0	0	0	
1.43466e+09	0	0	0	
1.43474e+09	0	0	0	
1.435e+09	0	0	0	
1.43509e+09	0	0	0	
1.43518e+09	0	0	0	
1.43526e+09	0	0	0	
1.43535e+09	0	0	0	
1.43561e+09	0	0	0	
1.43569e+09	0	0	0	
1.43578e+09	0	0	0	
1.43587e+09	0	0	0	
1.43621e+09	0	0	0	
1.4363e+09	0	0	0	
1.43639e+09	0	0	0	
1.43647e+09	0	0	0	
1.43656e+09	0	0	0	
1.43682e+09	0	0	0	
1.4369e+09	0	0	0	
1.43699e+09	0	0	0	
1.43708e+09	0	0	0	
1.43716e+09	0	0	0	
1.43742e+09	0	0	0	
1.43751e+09	0	0	0	
1.4376e+09	0	0	0	
1.43768e+09	0	0	0	
1.43777e+09	0	0	0	
1.43803e+09	0	0	0	
1.43811e+09	0	0	0	
1.4382e+09	0	0	0	
1.43829e+09	0	0	0	
1.43837e+09	0	0	0	
1.43863e+09	0	0	0	
1.43872e+09	0	0	0	
1.4388e+09	0	0	0	
1.43889e+09	0	0	0	
1.43898e+09	0	0	0	
1.43924e+09	0	0	0	
1.43932e+09	0	0	0	
1.43941e+09	0	0	0	
1.4395e+09	0	0	0	
1.43958e+09	0	0	0	
1.43984e+09	0	0	0	
1.43993e+09	0	0	0	
1.44001e+09	0	0	0	
1.4401e+09	0	0	0	
1.44019e+09	0	0	0	
1.44045e+09	0	0	0	
1.44053e+09	0	0	0	
1.44062e+09	0	0	0	
1.44071e+09	0	0	0	
1.44079e+09	0	0	0	
1.44105e+09	0	0	0	
1.44114e+09	0	0	0	
1.44122e+09	0	0	0	
1.44131e+09	0	0	0	
1.4414e+09	0	0	0	
1.44174e+09	0	0	0	
1.44183e+09	0	0	0	
1.44192e+09	0	0	0	
1.442e+09	0	0	0	
1.44226e+09	0	0	0	
1.44235e+09	0	0	0	
1.44243e+09	0	0	0	
1.44252e+09	0	0	0	
1.44261e+09	0	0	0	
1.44287e+09	0	0	0	
1.44295e+09	0	0	0	
1.44304e+09	0	0	0	
1.44312e+09	0	0	0	
1.44321e+09	0	0	0	
1.44347e+09	0	0	0	
1.44356e+09	0	0	0	
1.44364e+09	0	0	0	
1.44373e+09	0	0	0	
1.44382e+09	0	0	0	
1.44408e+09	0	0	0	
1.44416e+09	0	0	0	
1.44425e+09	0	0	0	
1.44433e+09	0	0	0	
1.44442e+09	0	0	0	
1.44468e+09	0	0	0	
1.44477e+09	0	0	0	
1.44485e+09	0	0	0	
1.44494e+09	0	0	0	
1.44503e+09	0	0	0	
1.44528e+09	0	0	0	
1.44537e+09	0	0	0	
1.44546e+09	0	0	0	
1.44554e+09	0	0	0	
1.44563e+09	0	0	0	
1.44589e+09	0	0	0	
1.44598e+09	0	0	0	
1.44607e+09	0	0	0	
1.44615e+09	0	0	0	
1.44624e+09	0	0	0	
1.4465e+09	0	0	0	
1.44658e+09	0	0	0	
1.44667e+09	0	0	0	
1.44676e+09	0	0	0	
1.44684e+09	0	0	0	
1.4471e+09	0	0	0	
1.44719e+09	0	0	0	
1.44728e+09	0	0	0	
1.44736e+09	0	0	0	
1.44745e+09	0	0	0	
1.44771e+09	0	0	0	
1.44779e+09	0	0	0	
1.44788e+09	0	0	0	
1.44797e+09	0	0	0	
1.44805e+09	0	0	0	
1.44831e+09	0	0	0	
1.4484e+09	0	0	0	
1.44849e+09	0	0	0	
1.44866e+09	0	0	0	
1.44892e+09	0	0	0	
1.449e+09	0	0	0	
1.44909e+09	0	0	0	
1.44918e+09	0	0	0	
1.44926e+09	0	0	0	
1.44952e+09	0	0	0	
1.44961e+09	0	0	0	
1.44969e+09	0	0	0	
1.44978e+09	0	0	0	
1.44987e+09	0	0	0	
1.45013e+09	0	0	0	
1.45021e+09	0	0	0	
1.4503e+09	0	0	0	
1.45039e+09	0	0	0	
1.45047e+09	0	0	0	
1.45073e+09	0	0	0	
1.45082e+09	0	0	0	
1.4509e+09	0	0	0	
1.45099e+09	0	0	0	
1.45134e+09	0	0	0	
1.45142e+09	0	0	0	
1.45151e+09	0	0	0	
1.4516e+09	0	0	0	
1.45194e+09	0	0	0	
1.45203e+09	0	0	0	
1.45211e+09	0	0	0	
1.4522e+09	0	0	0	
1.45229e+09	0	0	0	
1.45255e+09	0	0	0	
1.45263e+09	0	0	0	
1.45272e+09	0	0	0	
1.45281e+09	0	0	0	
1.45289e+09	0	0	0	
1.45324e+09	0	0	0	
1.45332e+09	0	0	0	
1.45341e+09	0	0	0	
1.4535e+09	0	0	0	
1.45376e+09	0	0	0	
1.45384e+09	0	0	0	
1.45393e+09	0	0	0	
1.45401e+09	0	0	0	
1.4541e+09	0	0	0	
1.45436e+09	0	0	0	
1.45445e+09	0	0	0	
1.45453e+09	0	0	0	
1.45462e+09	0	0	0	
1.45471e+09	0	0	0	
1.45497e+09	0	0	0	
1.45505e+09	0	0	0	
1.45514e+09	0	0	0	
1.45522e+09	0	0	0	
1.45531e+09	0	0	0	
1.45566e+09	0	0	0	
1.45574e+09	0	0	0	
1.45583e+09	0	0	0	
1.45592e+09	0	0	0	
1.45617e+09	0	0	0	
1.45626e+09	0	0	0	
1.45635e+09	0	0	0	
1.45643e+09	0	0	0	
1.45652e+09	0	0	0	
1.45678e+09	0	0	0	
1.45687e+09	0	0	0	
1.45695e+09	0	0	0	
1.45704e+09	0	0	0	
1.45713e+09	0	0	0	
1.45738e+09	0	0	0	
1.45747e+09	0	0	0	
1.45756e+09	0	0	0	
1.45764e+09	0	0	0	
1.45773e+09	0	0	0	
1.45799e+09	0	0	0	
1.45808e+09	0	0	0	
1.45816e+09	0	0	0	
1.45825e+09	0	0	0	
1.45833e+09	0	0	0	
1.45859e+09	0	0	0	
1.45868e+09	0	0	0	
1.45877e+09	0	0	0	
1.45885e+09	0	0	0	
1.4592e+09	0	0	0	
1.45928e+09	0	0	0	
1.45937e+09	0	0	0	
1.45945e+09	0	0	0	
1.45954e+09	0	0	0	
1.4598e+09	0	0	0	
1.45989e+09	0	0	0	
1.45997e+09	0	0	0	
1.46006e+09	0	0	0	
1.46015e+09	0	0	0	
1.4604e+09	0	0	0	
1.46049e+09	0	0	0	
1.46058e+09	0	0	0	
1.46066e+09	0	0	0	
1.46075e+09	0	0	0	
1.46101e+09	0	0	0	
1.4611e+09	0	0	0	
1.46118e+09	0	0	0	
1.46127e+09	0	0	0	
1.46136e+09	0	0	0	
1.46161e+09	0	0	0	
1.4617e+09	0	0	0	
1.46179e+09	0	0	0	
1.46187e+09	0	0	0	
1.46196e+09	0	0	0	
1.46222e+09	0	0	0	
1.46231e+09	0	0	0	
1.46239e+09	0	0	0	
1.46248e+09	0	0	0	
1.46256e+09	0	0	0	
1.46282e+09	0	0	0	
1.46291e+09	0	0	0	
1.463e+09	0	0	0	
1.46308e+09	0	0	0	
1.46317e+09	0	0	0	
1.46343e+09	0	0	0	
1.46352e+09	0	0	0	
1.4636e+09	0	0	0	
1.46369e+09	0	0	0	
1.46377e+09	0	0	0	
1.46403e+09	0	0	0	
1.46412e+09	0	0	0	
1.46421e+09	0	0	0	
1.46429e+09	0	0	0	
1.46438e+09	0	0	0	
1.46472e+09	0	0	0	
1.46481e+09	0	0	0	
1.4649e+09	0	0	0	
1.46498e+09	0	0	0	
1.46524e+09	0	0	0	
1.46533e+09	0	0	0	
1.46542e+09	0	0	0	
1.4655e+09	0	0	0	
1.46559e+09	0	0	0	
1.46585e+09	0	0	0	
1.46593e+09	0	0	0	
1.46602e+09	0	0	0	
1.46611e+09	0	0	0	
1.46619e+09	0	0	0	
1.46645e+09	0	0	0	
1.46654e+09	0	0	0	
1.46663e+09	0	0	0	
1.46671e+09	0	0	0	
1.4668e+09	0	0	0	
1.46706e+09	0	0	0	
1.46714e+09	0	0	0	
1.46723e+09	0	0	0	
1.46732e+09	0	0	0	
1.4674e+09	0	0	0	
1.46775e+09	0	0	0	
1.46784e+09	0	0	0	
1.46792e+09	0	0	0	
1.46801e+09	0	0	0	
1.46827e+09	0	0	0	
1.46835e+09	0	0	0	
1.46844e+09	0	0	0	
1.46853e+09	0	0	0	
1.46861e+09	0	0	0	
1.46887e+09	0	0	0	
1.46896e+09	0	0	0	
1.46904e+09	0	0	0	
1.46913e+09	0	0	0	
1.46922e+09	0	0	0	
1.46948e+09	0	0	0	
1.46956e+09	0	0	0	
1.46965e+09	0	0	0	
1.46974e+09	0	0	0	
1.46982e+09	0	0	0	
1.47008e+09	0	0	0	
1.47017e+09	0	0	0	
1.47025e+09	0	0	0	
1.47034e+09	0	0	0	
1.47043e+09	0	0	0	
1.47069e+09	0	0	0	
1.47077e+09	0	0	0	
1.47086e+09	0	0	0	
1.47095e+09	0	0	0	
1.47103e+09	0	0	0	
1.47129e+09	0	0	0	
1.47138e+09	0	0	0	
1.47146e+09	0	0	0	
1.47155e+09	0	0	0	
1.47164e+09	0	0	0	
1.4719e+09	0	0	0	
1.47198e+09	0	0	0	
1.47207e+09	0	0	0	
1.47216e+09	0	0	0	
1.47224e+09	0	0	0	
1.4725e+09	0	0	0	
1.47259e+09	0	0	0	
1.47267e+09	0	0	0	
1.47276e+09	0	0	0	
1.47285e+09	0	0	0	
1.47319e+09	0	0	0	
1.47328e+09	0	0	0	
1.47336e+09	0	0	0	
1.47345e+09	0	0	0	
1.47371e+09	0	0	0	
1.4738e+09	0	0	0	
1.47388e+09	0	0	0	
1.47397e+09	0	0	0	
1.47406e+09	0	0	0	
1.47432e+09	0	0	0	
1.4744e+09	0	0	0	
1.47449e+09	0	0	0	
1.47457e+09	0	0	0	
1.47466e+09	0	0	0	
1.47492e+09	0	0	0	
1.47501e+09	0	0	0	
1.47509e+09	0	0	0	
1.47518e+09	0	0	0	
1.47527e+09	0	0	0	
1.47552e+09	0	0	0	
1.47561e+09	0	0	0	
1.4757e+09	0	0	0	
1.47578e+09	0	0	0	
1.47587e+09	0	0	0	
1.47613e+09	0	0	0	
1.47622e+09	0	0	0	
1.4763e+09	0	0	0	
1.47639e+09	0	0	0	
1.47648e+09	0	0	0	
1.47673e+09	0	0	0	
1.47682e+09	0	0	0	
1.47691e+09	0	0	0	
1.47699e+09	0	0	0	
1.47708e+09	0	0	0	
1.47734e+09	0	0	0	
1.47743e+09	0	0	0	
1.47751e+09	0	0	0	
1.4776e+09	0	0	0	
1.47769e+09	0	0	0	
1.47795e+09	0	0	0	
1.47803e+09	0	0	0	
1.47812e+09	0	0	0	
1.47821e+09	0	0	0	
1.47829e+09	0	0	0	
1.47855e+09	0	0	0	
1.47864e+09	0	0	0	
1.47873e+09	0	0	0	
1.47881e+09	0	0	0	
1.4789e+09	0	0	0	
1.47916e+09	0	0	0	
1.47924e+09	0	0	0	
1.47933e+09	0	0	0	
1.47942e+09	0	0	0	
1.4795e+09	0	0	0	
1.47976e+09	0	0	0	
1.47985e+09	0	0	0	
1.47993e+09	0	0	0	
1.48011e+09	0	0	0	
1.48037e+09	0	0	0	
1.48045e+09	0	0	0	
1.48054e+09	0	0	0	
1.48063e+09	0	0	0	
1.48071e+09	0	0	0	
1.48097e+09	0	0	0	
1.48106e+09	0	0	0	
1.48114e+09	0	0	0	
1.48123e+09	0	0	0	
1.48132e+09	0	0	0	
1.48158e+09	0	0	0	
1.48166e+09	0	0	0	
1.48175e+09	0	0	0	
1.48184e+09	0	0	0	
1.48192e+09	0	0	0	
1.48218e+09	0	0	0	
1.48227e+09	0	0	0	
1.48235e+09	0	0	0	
1.48244e+09	0	0	0	
1.48253e+09	0	0	0	
1.48287e+09	0	0	0	
1.48296e+09	0	0	0	
1.48305e+09	0	0	0	
1.48313e+09	0	0	0	
1.48348e+09	0	0	0	
1.48356e+09	0	0	0	
1.48365e+09	0	0	0	
1.48374e+09	0	0	0	
1.484e+09	0	0	0	
1.48408e+09	0	0	0	
1.48417e+09	0	0	0	
1.48425e+09	0	0	0	
1.48434e+09	0	0	0	
1.48469e+09	0	0	0	
1.48477e+09	0	0	0	
1.48486e+09	0	0	0	
1.48495e+09	0	0	0	
1.48521e+09	0	0	0	
1.48529e+09	0	0	0	
1.48538e+09	0	0	0	
1.48546e+09	0	0	0	
1.48555e+09	0	0	0	
1.48581e+09	0	0	0	
1.4859e+09	0	0	0	
1.48598e+09	0	0	0	
1.48607e+09	0	0	0	
1.48616e+09	0	0	0	
1.48641e+09	0	0	0	
1.4865e+09	0	0	0	
1.48659e+09	0	0	0	
1.48667e+09	0	0	0	
1.48676e+09	0	0	0	
1.48702e+09	0	0	0	
1.48711e+09	0	0	0	
1.48719e+09	0	0	0	
1.48728e+09	0	0	0	
1.48737e+09	0	0	0	
1.48771e+09	0	0	0	
1.4878e+09	0	0	0	
1.48788e+09	0	0	0	
1.48797e+09	0	0	0	
1.48823e+09	0	0	0	
1.48832e+09	0	0	0	
1.4884e+09	0	0	0	
1.48849e+09	0	0	0	
1.48857e+09	0	0	0	
1.48883e+09	0	0	0	
1.48892e+09	0	0	0	
1.48901e+09	0	0	0	
1.48909e+09	0	0	0	
1.48918e+09	0	0	0	
1.48944e+09	0	0	0	
1.48953e+09	0	0	0	
1.48961e+09	0	0	0	
1.4897e+09	0	0	0	
1.48978e+09	0	0	0	
1.49004e+09	0	0	0	
1.49013e+09	0	0	0	
1.49022e+09	0	0	0	
1.4903e+09	0	0	0	
1.49039e+09	0	0	0	
1.49064e+09	0	0	0	
1.49073e+09	0	0	0	
1.49082e+09	0	0	0	
1.4909e+09	0	0	0	
1.49099e+09	0	0	0	
1.49125e+09	0	0	0	
1.49134e+09	0	0	0	
1.49142e+09	0	0	0	
1.49151e+09	0	0	0	
1.4916e+09	0	0	0	
1.49185e+09	0	0	0	
1.49194e+09	0	0	0	
1.49203e+09	0	0	0	
1.49211e+09	0	0	0	
1.49246e+09	0	0	0	
1.49255e+09	0	0	0	
1.49263e+09	0	0	0	
1.49272e+09	0	0	0	
1.4928e+09	0	0	0	
1.49306e+09	0	0	0	
1.49315e+09	0	0	0	
1.49324e+09	0	0	0	
1.49332e+09	0	0	0	
1.49341e+09	0	0	0	
1.49367e+09	0	0	0	
1.49376e+09	0	0	0	
1.49384e+09	0	0	0	
1.49393e+09	0	0	0	
1.49401e+09	0	0	0	
1.49427e+09	0	0	0	
1.49436e+09	0	0	0	
1.49445e+09	0	0	0	
1.49453e+09	0	0	0	
1.49462e+09	0	0	0	
1.49488e+09	0	0	0	
1.49496e+09	0	0	0	
1.49505e+09	0	0	0	
1.49514e+09	0	0	0	
1.49522e+09	0	0	0	
1.49548e+09	0	0	0	
1.49557e+09	0	0	0	
1.49566e+09	0	0	0	
1.49574e+09	0	0	0	
1.49583e+09	0	0	0	
1.49617e+09	0	0	0	
1.49626e+09	0	0	0	
1.49635e+09	0	0	0	
1.49643e+09	0	0	0	
1.49669e+09	0	0	0	
1.49678e+09	0	0	0	
1.49687e+09	0	0	0	
1.49695e+09	0	0	0	
1.49704e+09	0	0	0	
1.4973e+09	0	0	0	
1.49738e+09	0	0	0	
1.49747e+09	0	0	0	
1.49756e+09	0	0	0	
1.49764e+09	0	0	0	
1.4979e+09	0	0	0	
1.49799e+09	0	0	0	
1.49808e+09	0	0	0	
1.49816e+09	0	0	0	
1.49825e+09	0	0	0	
1.49851e+09	0	0	0	
1.49859e+09	0	0	0	
1.49868e+09	0	0	0	
1.49877e+09	0	0	0	
1.49885e+09	0	0	0	
1.49911e+09	0	0	0	
1.49928e+09	0	0	0	
1.49937e+09	0	0	0	
1.49946e+09	0	0	0	
1.49972e+09	0	0	0	
1.4998e+09	0	0	0	
1.49989e+09	0	0	0	
1.49998e+09	0	0	0	
1.50006e+09	0	0	0	
1.50032e+09	0	0	0	
1.50041e+09	0	0	0	
1.50049e+09	0	0	0	
1.50058e+09	0	0	0	
1.50067e+09	0	0	0	
1.50093e+09	0	0	0	
1.50101e+09	0	0	0	
1.5011e+09	0	0	0	
1.50119e+09	0	0	0	
1.50127e+09	0	0	0	
1.50153e+09	0	0	0	
1.50162e+09	0	0	0	
1.5017e+09	0	0	0	
1.50179e+09	0	0	0	
1.50188e+09	0	0	0	
1.50214e+09	0	0	0	
1.50222e+09	0	0	0	
1.50231e+09	0	0	0	
1.5024e+09	0	0	0	
1.50248e+09	0	0	0	
1.50274e+09	0	0	0	
1.50283e+09	0	0	0	
1.50291e+09	0	0	0	
1.503e+09	0	0	0	
1.50309e+09	0	0	0	
1.50335e+09	0	0	0	
1.50343e+09	0	0	0	
1.50352e+09	0	0	0	
1.5036e+09	0	0	0	
1.50369e+09	0	0	0	
1.50395e+09	0	0	0	
1.50404e+09	0	0	0	
1.50412e+09	0	0	0	
1.50421e+09	0	0	0	
1.5043e+09	0	0	0	
1.50464e+09	0	0	0	
1.50473e+09	0	0	0	
1.50481e+09	0	0	0	
1.5049e+09	0	0	0	
1.50516e+09	0	0	0	
1.50525e+09	0	0	0	
1.50533e+09	0	0	0	
1.50542e+09	0	0	0	
1.50551e+09	0	0	0	
1.50576e+09	0	0	0	
1.50585e+09	0	0	0	
1.50594e+09	0	0	0	
1.50602e+09	0	0	0	
1.50611e+09	0	0	0	
1.50637e+09	0	0	0	
1.50646e+09	0	0	0	
1.50654e+09	0	0	0	
1.50663e+09	0	0	0	
1.50672e+09	0	0	0	
1.50697e+09	0	0	0	
1.50706e+09	0	0	0	
1.50715e+09	0	0	0	
1.50723e+09	0	0	0	
1.50732e+09	0	0	0	
1.50758e+09	0	0	0	
1.50767e+09	0	0	0	
1.50775e+09	0	0	0	
1.50784e+09	0	0	0	
1.50792e+09	0	0	0	
1.50818e+09	0	0	0	
1.50827e+09	0	0	0	
1.50836e+09	0	0	0	
1.50844e+09	0	0	0	
1.50853e+09	0	0	0	
1.50879e+09	0	0	0	
1.50888e+09	0	0	0	
1.50896e+09	0	0	0	
1.50905e+09	0	0	0	
1.50914e+09	0	0	0	
1.5094e+09	0	0	0	
1.50948e+09	0	0	0	
1.50957e+09	0	0	0	
1.50966e+09	0	0	0	
1.50974e+09	0	0	0	
1.51e+09	0	0	0	
1.51009e+09	0	0	0	
1.51017e+09	0	0	0	
1.51026e+09	0	0	0	
1.51035e+09	0	0	0	
1.51061e+09	0	0	0	
1.51069e+09	0	0	0	
1.51078e+09	0	0	0	
1.51087e+09	0	0	0	
1.51095e+09	0	0	0	
1.51121e+09	0	0	0	
1.5113e+09	0	0	0	
1.51138e+09	0	0	0	
1.51156e+09	0	0	0	
1.51182e+09	0	0	0	
1.5119e+09	0	0	0	
1.51199e+09	0	0	0	
1.51208e+09	0	0	0	
1.51216e+09	0	0	0	
1.51242e+09	0	0	0	
1.51251e+09	0	0	0	
1.51259e+09	0	0	0	
1.51268e+09	0	0	0	
1.51277e+09	0	0	0	
1.51303e+09	0	0	0	
1.51311e+09	0	0	0	
1.5132e+09	0	0	0	
1.51329e+09	0	0	0	
1.51337e+09	0	0	0	
1.51363e+09	0	0	0	
1.51372e+09	0	0	0	
1.5138e+09	0	0	0	
1.51389e+09	0	0	0	
1.51398e+09	0	0	0	
1.51432e+09	0	0	0	
1.51441e+09	0	0	0	
1.51449e+09	0	0	0	
1.51458e+09	0	0	0	
1.51493e+09	0	0	0	
1.51501e+09	0	0	0	
1.5151e+09	0	0	0	
1.51519e+09	0	0	0	
1.51545e+09	0	0	0	
1.51553e+09	0	0	0	
1.51562e+09	0	0	0	
1.5157e+09	0	0	0	
1.51579e+09	0	0	0	
1.51614e+09	0	0	0	
1.51622e+09	0	0	0	
1.51631e+09	0	0	0	
1.5164e+09	0	0	0	
1.51665e+09	0	0	0	
1.51674e+09	0	0	0	
1.51683e+09	0	0	0	
1.51691e+09	0	0	0	
1.517e+09	0	0	0	
1.51726e+09	0	0	0	
1.51735e+09	0	0	0	
1.51743e+09	0	0	0	
1.51752e+09	0	0	0	
1.51761e+09	0	0	0	
1.51786e+09	0	0	0	
1.51795e+09	0	0	0	
1.51804e+09	0	0	0	
1.51812e+09	0	0	0	
1.51821e+09	0	0	0	
1.51847e+09	0	0	0	
1.51856e+09	0	0	0	
1.51864e+09	0	0	0	
1.51873e+09	0	0	0	
1.51881e+09	0	0	0	
1.51916e+09	0	0	0	
1.51925e+09	0	0	0	
1.51933e+09	0	0	0	
1.51942e+09	0	0	0	
1.51968e+09	0	0	0	
1.51977e+09	0	0	0	
1.51985e+09	0	0	0	
1.51994e+09	0	0	0	
1.52002e+09	0	0	0	
1.52028e+09	0	0	0	
1.52037e+09	0	0	0	
1.52046e+09	0	0	0	
1.52054e+09	0	0	0	
1.52063e+09	0	0	0	
1.52089e+09	0	0	0	
1.52097e+09	0	0	0	
1.52106e+09	0	0	0	
1.52115e+09	0	0	0	
1.52123e+09	0	0	0	
1.52149e+09	0	0	0	
1.52158e+09	0	0	0	
1.52167e+09	0	0	0	
1.52175e+09	0	0	0	
1.52184e+09	0	0	0	
1.52209e+09	0	0	0	
1.52218e+09	0	0	0	
1.52227e+09	0	0	0	
1.52235e+09	0	0	0	
1.5227e+09	0	0	0	
1.52279e+09	0	0	0	
1.52287e+09	0	0	0	
1.52296e+09	0	0	0	
1.52304e+09	0	0	0	
1.5233e+09	0	0	0	
1.52339e+09	0	0	0	
1.52348e+09	0	0	0	
1.52356e+09	0	0	0	
1.52365e+09	0	0	0	
1.52391e+09	0	0	0	
1.524e+09	0	0	0	
1.52408e+09	0	0	0	
1.52417e+09	0	0	0	
1.52425e+09	0	0	0	
1.52451e+09	0	0	0	
1.5246e+09	0	0	0	
1.52469e+09	0	0	0	
1.52477e+09	0	0	0	
1.52486e+09	0	0	0	
1.52512e+09	0	0	0	
1.5252e+09	0	0	0	
1.52529e+09	0	0	0	
1.52538e+09	0	0	0	
1.52546e+09	0	0	0	
1.52572e+09	0	0	0	
1.52581e+09	0	0	0	
1.5259e+09	0	0	0	
1.52598e+09	0	0	0	
1.52607e+09	0	0	0	
1.52633e+09	0	0	0	
1.52641e+09	0	0	0	
1.5265e+09	0	0	0	
1.52659e+09	0	0	0	
1.52667e+09	0	0	0	
1.52693e+09	0	0	0	
1.52702e+09	0	0	0	
1.52711e+09	0	0	0	
1.52719e+09	0	0	0	
1.52728e+09	0	0	0	
1.52762e+09	0	0	0	
1.52771e+09	0	0	0	
1.5278e+09	0	0	0	
1.52788e+09	0	0	0	
1.52814e+09	0	0	0	
1.52823e+09	0	0	0	
1.52832e+09	0	0	0	
1.5284e+09	0	0	0	
1.52849e+09	0	0	0	
1.52875e+09	0	0	0	
1.52883e+09	0	0	0	
1.52892e+09	0	0	0	
1.52901e+09	0	0	0	
1.52909e+09	0	0	0	
1.52935e+09	0	0	0	
1.52944e+09	0	0	0	
1.52952e+09	0	0	0	
1.52961e+09	0	0	0	
1.5297e+09	0	0	0	
1.52996e+09	0	0	0	
1.53004e+09	0	0	0	
1.53013e+09	0	0	0	
1.53022e+09	0	0	0	
1.5303e+09	0	0	0	
1.53056e+09	0	0	0	
1.53065e+09	0	0	0	
1.53082e+09	0	0	0	
1.53091e+09	0	0	0	
1.53117e+09	0	0	0	
1.53125e+09	0	0	0	
1.53134e+09	0	0	0	
1.53143e+09	0	0	0	
1.53151e+09	0	0	0	
1.53177e+09	0	0	0	
1.53186e+09	0	0	0	
1.53194e+09	0	0	0	
1.53203e+09	0	0	0	
1.53212e+09	0	0	0	
1.53238e+09	0	0	0	
1.53246e+09	0	0	0	
1.53255e+09	0	0	0	
1.53264e+09	0	0	0	
1.53272e+09	0	0	0	
1.53298e+09	0	0	0	
1.53307e+09	0	0	0	
1.53315e+09	0	0	0	
1.53324e+09	0	0	0	
1.53333e+09	0	0	0	
1.53359e+09	0	0	0	
1.53367e+09	0	0	0	
1.53376e+09	0	0	0	
1.53384e+09	0	0	0	
1.53393e+09	0	0	0	
1.53419e+09	0	0	0	
1.53428e+09	0	0	0	
1.53436e+09	0	0	0	
1.53445e+09	0	0	0	
1.53454e+09	0	0	0	
1.5348e+09	0	0	0	
1.53488e+09	0	0	0	
1.53497e+09	0	0	0	
1.53505e+09	0	0	0	
1.53514e+09	0	0	0	
1.5354e+09	0	0	0	
1.53549e+09	0	0	0	
1.53557e+09	0	0	0	
1.53566e+09	0	0	0	
1.53575e+09	0	0	0	
1.53609e+09	0	0	0	
1.53618e+09	0	0	0	
1.53626e+09	0	0	0	
1.53635e+09	0	0	0	
1.53661e+09	0	0	0	
1.5367e+09	0	0	0	
1.53678e+09	0	0	0	
MTR_M_SIZE_ERROR
